node	RT_K219E	RT_K219N	RT_K219Q	sensitive
sensitive	0.0	0.0	0.0	1.0
n70854	7.845659851843958e-05	3.1624280040144645e-05	0.00012871483985055183	0.9997612042815909
n70855	0.0002819375456276957	0.00011364336544192354	0.0004625429437244516	0.999141876145206
n70959	0.00014561727916248305	5.869540232280098e-05	0.00023889774882946172	0.9995567895696853
19213	0.0	0.0	0.0	1.0
n70857	0.00023848622830889926	9.612901160870392e-05	0.00039125729719377875	0.9992741274628886
56083	0.0	0.0	0.0	1.0
n70961	4.0402804485553244e-05	1.6285559501512656e-05	6.628429739595308e-05	0.9998770273386169
74507	0.0	0.0	0.0	1.0
n70859	4.89304302398144e-06	1.972287427200876e-06	8.027460546426924e-06	0.9999851072090025
n70962	4.918652952479529e-05	1.9826102753223285e-05	8.069475850524524e-05	0.9998502926092167
n70984	1.6516765798957676e-05	6.657576760238441e-06	2.7097183727156463e-05	0.9999497284737136
n70860	5.551995141157045e-05	2.237897798796432e-05	9.108528523284289e-05	0.9998310157853676
38019	0.0	0.0	0.0	1.0
n70879	4.900176906405405e-06	1.975162952010888e-06	8.039164297941175e-06	0.9999850854958436
n70963	4.9259806220623536e-05	1.985563911846278e-05	8.081497526644084e-05	0.9998500695793944
n70966	5.608090813677896e-05	2.260508838407385e-05	9.200558328822357e-05	0.999829308420191
n70985	3.94865620947469e-06	1.5916240585084092e-06	6.478112245816622e-06	0.9999879816074861
n71048	5.679175948790099e-07	2.2891618295124157e-07	9.317179644995929e-07	0.9999982714482576
43731	0.0	0.0	0.0	1.0
n70862	1.4016307985074352e-09	5.649692405983161e-10	2.2994966282801863e-09	0.9999999957339033
45251	0.0	0.0	0.0	1.0
n70881	2.9237116596572903e-05	1.178489483709995e-05	4.796602008606476e-05	0.9999110119684803
39652	0.0	0.0	0.0	1.0
53580	0.0	0.0	0.0	1.0
n70967	2.1259750775666353e-10	8.569378800628688e-11	3.4878461060345004e-10	0.9999999993529242
59805	0.0	0.0	0.0	1.0
n70986	3.58122850010544e-06	1.4435213240663713e-06	5.8753152897772546e-06	0.9999890999348862
n70994	4.1964701227220604e-05	1.6915128726855496e-05	6.884672417411073e-05	0.9998722734458719
n71045	3.7271960136071915e-05	1.5023578988212412e-05	6.114787628351116e-05	0.9998865565845922
n71049	1.1800851305132419e-07	4.75668628812531e-08	1.9360317863937197e-07	0.9999996408214454
n71242	1.690612141599935e-05	6.814518194114588e-06	2.7735955313470553e-05	0.9999485434050763
153	0.0	0.0	0.0	1.0
n70864	3.2355887897567516e-09	1.3042008946891994e-09	5.308263431760922e-09	0.999999990151947
n70867	7.469770032214532e-13	3.010914362782522e-13	1.2254804204785441e-12	0.9999999999977264
49455	0.0	0.0	0.0	1.0
n70883	5.193429311205668e-10	2.0933671100673844e-10	8.520270247376115e-10	0.9999999984192934
71762	0.0	0.0	0.0	1.0
49347	0.0	0.0	0.0	1.0
n70970	1.0654681944904827e-06	4.2946884255395163e-07	1.7479927833917856e-06	0.9999967570701795
n70980	2.6380195290794883e-05	1.0633327204387127e-05	4.327899343332987e-05	0.9999197074840714
n70987	1.052551485024092e-06	4.2426237623912244e-07	1.7268018036430033e-06	0.9999967963843351
n70991	4.617431422058727e-05	1.861193922688719e-05	7.575295860825644e-05	0.9998594607879442
19325	0.0	0.0	0.0	1.0
n70996	1.0579899593197911e-15	4.264545160637641e-16	1.735724091394704e-15	0.9999999999999968
1030	0.0	0.0	0.0	1.0
67303	0.0	0.0	0.0	1.0
n71050	1.1952615333470367e-07	4.8178593216599166e-08	1.9609299886755873e-07	0.9999996362022546
n71226	7.719062154198973e-06	3.1113990132301953e-06	1.2663789505743883e-05	0.9999765057493268
n71243	2.783180424623032e-05	1.1218441636854943e-05	4.566048355338121e-05	0.9999152892705635
n71274	6.84509688116933e-09	2.7591211543684573e-09	1.1229973838518451e-08	0.9999999791658082
56404	0.0	0.0	0.0	1.0
82523	0.0	0.0	0.0	1.0
64725	0.0	0.0	0.0	1.0
79525	0.0	0.0	0.0	1.0
44425	0.0	0.0	0.0	1.0
n70871	1.0178492923459761e-11	4.102746189314676e-12	1.6698698532732974e-11	0.9999999999690201
81602	0.0	0.0	0.0	1.0
46981	0.0	0.0	0.0	1.0
n70884	5.133559535129081e-09	2.069234805068958e-09	8.422048698327313e-09	0.9999999843751569
n70895	4.038991679407899e-05	1.6280364731768127e-05	6.626315402273176e-05	0.9998770665644514
27229	0.0	0.0	0.0	1.0
41513	0.0	0.0	0.0	1.0
n70900	3.333561710780974e-09	1.3436918125894036e-09	5.468996487711083e-09	0.9999999898537499
n70956	2.2989460318570967e-08	9.266589997722234e-09	3.7716199262194713e-08	0.9999999300277503
n70971	3.248313363340882e-05	1.3093299148865432e-05	5.3291391959665674e-05	0.9999011321752581
n70974	9.97272217288758e-06	4.01980413009918e-06	1.6361113808108565e-05	0.9999696463598889
50513	0.0	0.0	0.0	1.0
54294	0.0	0.0	0.0	1.0
61883	0.0	0.0	0.0	1.0
16406	0.0	0.0	0.0	1.0
49651	0.0	0.0	0.0	1.0
24186	0.0	0.0	0.0	1.0
8631	0.0	0.0	0.0	1.0
40683	0.0	0.0	0.0	1.0
n70997	5.486492289185805e-09	2.211494913974981e-09	9.001065425718938e-09	0.9999999833009473
78509	0.0	0.0	0.0	1.0
41597	0.0	0.0	0.0	1.0
n71002	1.9985818760568238e-06	8.055882376384689e-07	3.278846533786561e-06	0.9999939169833525
n71008	5.161416123241588e-09	2.080463236584834e-09	8.467749841958228e-09	0.9999999842903707
30942	0.0	0.0	0.0	1.0
5613	0.0	0.0	0.0	1.0
n71013	2.602524596252841e-14	1.0490254254894863e-14	4.2696668341423554e-14	0.9999999999999207
n71051	1.245638110086501e-07	5.020917190641864e-08	2.0435771226284464e-07	0.9999996208693047
n71219	0.00037130121358990514	0.00014966406624234387	0.0006091517749435397	0.9988698829452243
n71227	7.710614680015093e-06	3.107994005948875e-06	1.2649930693263448e-05	0.9999765314606207
78768	0.0	0.0	0.0	1.0
12098	0.0	0.0	0.0	1.0
n71245	1.2654167683026663e-06	5.10064099183359e-07	2.076025723164629e-06	0.9999961484934095
40782	0.0	0.0	0.0	1.0
45997	0.0	0.0	0.0	1.0
n71277	4.46341090039277e-13	1.7991113419871126e-13	7.322611865415398e-13	0.9999999999986414
35523	0.0	0.0	0.0	1.0
n71284	0.00011876904558496264	4.7873418279749006e-05	0.0001948508980806552	0.9996385066380546
n71289	1.0827643826738802e-08	4.364405888323765e-09	1.7763686769952762e-08	0.9999999670442635
45896	0.0	0.0	0.0	1.0
58910	0.0	0.0	0.0	1.0
69583	0.0	0.0	0.0	1.0
19365	0.0	0.0	0.0	1.0
n70885	1.8244558319676538e-08	7.3540152441683626e-09	2.9931776888202574e-08	0.9999999444696496
n70890	6.886658103958401e-05	2.7758736490357288e-05	0.00011298158621395968	0.9997903930962561
76429	0.0	0.0	0.0	1.0
34594	0.0	0.0	0.0	1.0
n70901	1.782999773911816e-06	7.186914195426085e-07	2.9251654377890297e-06	0.9999945731433688
n70915	2.866722129568786e-07	1.1555181480555245e-07	4.703105752370284e-07	0.999999127465397
79599	0.0	0.0	0.0	1.0
42218	0.0	0.0	0.0	1.0
6656	0.0	0.0	0.0	1.0
35445	0.0	0.0	0.0	1.0
12359	0.0	0.0	0.0	1.0
n70976	9.964163461331954e-06	4.0163542852661245e-06	1.6347072501092808e-05	0.9999696724097524
21182	0.0	0.0	0.0	1.0
80838	0.0	0.0	0.0	1.0
15211	0.0	0.0	0.0	1.0
n71004	1.3707725323537548e-06	5.525308929153351e-07	2.2488709720442527e-06	0.9999958278256027
35911	0.0	0.0	0.0	1.0
67785	0.0	0.0	0.0	1.0
77393	0.0	0.0	0.0	1.0
56861	0.0	0.0	0.0	1.0
n71015	9.85823600165645e-09	3.973657052503325e-09	1.617328933606426e-08	0.9999999699948176
5272	0.0	0.0	0.0	1.0
n71021	7.608540652751928e-09	3.066850014443342e-09	1.248246941760043e-08	0.9999999768421399
n71035	5.5120341791652404e-08	2.22179033713527e-08	9.042969106738334e-08	0.9999998322320637
n71052	1.3498431506796337e-07	5.440946792681947e-08	2.2145345100865957e-07	0.9999995891527661
5844	0.0	0.0	0.0	1.0
705	0.0	0.0	0.0	1.0
n71221	0.00013020255957122619	5.248203826802822e-05	0.0002136085672819917	0.9996037068348788
n71228	0.0002410565642214253	9.716506242189154e-05	0.00039547415570651635	0.9992663042176502
38317	0.0	0.0	0.0	1.0
n71234	7.749937527904273e-06	3.1238442566238534e-06	1.271444322839883e-05	0.9999764117749871
n71246	6.522653054287234e-08	2.6291505200165396e-08	1.0700976834803417e-07	0.9999998014721959
n71251	2.238388873814175e-05	9.02249624900656e-06	3.672270667565755e-05	0.9999318709083372
n71258	7.201732447845074e-06	2.9028737927163802e-06	1.181506535046936e-05	0.999978080328409
56977	0.0	0.0	0.0	1.0
26356	0.0	0.0	0.0	1.0
82651	0.0	0.0	0.0	1.0
58896	0.0	0.0	0.0	1.0
59831	0.0	0.0	0.0	1.0
62538	0.0	0.0	0.0	1.0
n71286	0.00018277457141247443	7.367276098780923e-05	0.00029985750252199174	0.9994436951650777
86726	0.0	0.0	0.0	1.0
n71291	4.536022913706185e-06	1.828379787046754e-06	7.441738157420913e-06	0.9999861938591419
73738	0.0	0.0	0.0	1.0
n70887	3.68913480397487e-05	1.487016189203327e-05	6.0523449199638643e-05	0.9998877150408686
70947	0.0	0.0	0.0	1.0
n70892	8.404785849571289e-09	3.3878004706234854e-09	1.378877857356374e-08	0.9999999744186351
27813	0.0	0.0	0.0	1.0
n70903	1.6118757694577277e-05	6.497147682393386e-06	2.644421698653866e-05	0.9999509398776366
4384	0.0	0.0	0.0	1.0
n70917	2.840390141492959e-07	1.1449042522118498e-07	4.659905847045174e-07	0.9999991354799759
57175	0.0	0.0	0.0	1.0
10593	0.0	0.0	0.0	1.0
24641	0.0	0.0	0.0	1.0
48390	0.0	0.0	0.0	1.0
58577	0.0	0.0	0.0	1.0
n71017	5.054169200204837e-08	2.037234154626088e-08	8.291801983093362e-08	0.9999998461679466
30192	0.0	0.0	0.0	1.0
n71023	4.310472841911756e-05	1.7374650804676084e-05	7.071703744541325e-05	0.9998688035833309
n71036	5.700064408393413e-11	2.2975815482942142e-11	9.351448970754775e-11	0.9999999998265091
35340	0.0	0.0	0.0	1.0
n71042	7.357217502647949e-08	2.965546697328574e-08	1.2070152039237832e-07	0.9999997760708376
n71053	2.4955609277106e-05	1.0059105177318465e-05	4.094183678789864e-05	0.9999240434487577
n71167	2.1053670268884544e-05	8.486311884902686e-06	3.454036815385118e-05	0.9999359196496923
n71222	1.5086435316959027e-08	6.081039253300139e-09	2.4750602784311365e-08	0.9999999540819227
5117	0.0	0.0	0.0	1.0
71625	0.0	0.0	0.0	1.0
n71230	0.0002076697529117507	8.370750894082308e-05	0.00034070020231067357	0.9993679225358367
81349	0.0	0.0	0.0	1.0
n71236	0.00012698421074063817	5.1184786454830306e-05	0.0002083285874952694	0.9996135024153093
30093	0.0	0.0	0.0	1.0
n71248	2.591324727561821e-10	1.0445109832298665e-10	4.251292480268562e-10	0.9999999992112872
n71252	1.795262221494142e-05	7.236341660246642e-06	2.9452830442942865e-05	0.9999453582056819
19754	0.0	0.0	0.0	1.0
n71259	4.383475842877096e-05	1.7668911248016142e-05	7.191471485627564e-05	0.9998665816154669
n71264	2.2305081179446605e-05	8.990730503963845e-06	3.659341605526347e-05	0.9999321107722614
13095	0.0	0.0	0.0	1.0
69304	0.0	0.0	0.0	1.0
n71292	2.3520214362576466e-06	9.480526299282953e-07	3.858694720518824e-06	0.9999928412312133
n71298	2.018013753582701e-31	8.134208374221482e-32	3.3107262105883647e-31	1.0
62696	0.0	0.0	0.0	1.0
45017	0.0	0.0	0.0	1.0
57262	0.0	0.0	0.0	1.0
8348	0.0	0.0	0.0	1.0
79291	0.0	0.0	0.0	1.0
n70905	4.172779782874333e-07	1.681963772218052e-07	6.845806364624082e-07	0.999998729945008
n70918	5.3612360206416684e-05	2.161006626335384e-05	8.795571676940791e-05	0.9998368218567608
n70923	3.877737263810703e-06	1.563038055034111e-06	6.361763577815616e-06	0.9999881974611033
n70926	1.2371386548030268e-05	4.98665759245012e-06	2.0296330306554532e-05	0.999962345625553
63220	0.0	0.0	0.0	1.0
60204	0.0	0.0	0.0	1.0
n71024	3.1869856205057173e-06	1.2846099327528109e-06	5.228525726271361e-06	0.9999902998787205
n71030	5.3617864679049456e-05	2.16122850057834e-05	8.796474733314337e-05	0.9998368051029821
34885	0.0	0.0	0.0	1.0
1413	0.0	0.0	0.0	1.0
19227	0.0	0.0	0.0	1.0
86541	0.0	0.0	0.0	1.0
3267	0.0	0.0	0.0	1.0
1099	0.0	0.0	0.0	1.0
n71054	1.0828536519074704e-05	4.364765714685771e-06	1.7765151308987353e-05	0.9999670415464572
n71063	6.986007216400822e-07	2.815919282072962e-07	1.1461149438469377e-06	0.9999978736924062
n71168	1.7741909114501177e-05	7.151407439004776e-06	2.910713736562694e-05	0.9999459995460809
n71201	6.728110794874111e-08	2.7119664111898958e-08	1.1038048039457804e-07	0.9999997952187476
49358	0.0	0.0	0.0	1.0
23211	0.0	0.0	0.0	1.0
11248	0.0	0.0	0.0	1.0
51201	0.0	0.0	0.0	1.0
n71237	0.0005224909751933247	0.00021060562438325042	0.0008571916634846356	0.9984097117369387
56457	0.0	0.0	0.0	1.0
68228	0.0	0.0	0.0	1.0
71636	0.0	0.0	0.0	1.0
67893	0.0	0.0	0.0	1.0
n71254	4.592455423655333e-05	1.851126599063855e-05	7.534320573911505e-05	0.9998602209740337
38672	0.0	0.0	0.0	1.0
n71261	2.5247657739882953e-09	1.0176824050511498e-09	4.1420967566249766e-09	0.9999999923154551
20390	0.0	0.0	0.0	1.0
84567	0.0	0.0	0.0	1.0
n71267	2.987984183021973e-09	1.2043964477659725e-09	4.902046645614689e-09	0.9999999909055728
35871	0.0	0.0	0.0	1.0
n71294	2.388132273974435e-06	9.626081837759623e-07	3.917937674984831e-06	0.9999927313218672
63375	0.0	0.0	0.0	1.0
80120	0.0	0.0	0.0	1.0
38124	0.0	0.0	0.0	1.0
61100	0.0	0.0	0.0	1.0
n71302	2.9863807618624495e-09	1.203750140881292e-09	4.899416094435332e-09	0.999999990910453
n71310	1.0877213911979177e-39	4.384386594686977e-40	1.784501078480388e-39	1.0
5391	0.0	0.0	0.0	1.0
6385	0.0	0.0	0.0	1.0
n71531	7.866485615245483e-09	3.170822451215803e-09	1.2905650452269059e-08	0.9999999760570415
n71540	6.071190402859337e-06	2.4471749872247827e-06	9.960313283561263e-06	0.9999815213213264
77093	0.0	0.0	0.0	1.0
10799	0.0	0.0	0.0	1.0
n71545	6.555711677061879e-07	2.6424757872867127e-07	1.0755212366504653e-06	0.9999980046600169
n71604	2.504802815292497e-06	1.0096357371080185e-06	4.1093457952017946e-06	0.9999923762156523
n71617	0.0001564276713876213	6.305285443680292e-05	0.0002566331328539589	0.9995238863413216
65897	0.0	0.0	0.0	1.0
n71621	3.553639427099222e-08	1.4324007225201345e-08	5.8300530278301485e-08	0.9999998918390682
n71631	2.0059862050374047e-06	8.085727740269055e-07	3.290993976282583e-06	0.9999938944470447
33225	0.0	0.0	0.0	1.0
60991	0.0	0.0	0.0	1.0
71945	0.0	0.0	0.0	1.0
n71643	7.293008384332002e-07	2.939665290575042e-07	1.1964811423699426e-06	0.9999977802514901
n71647	1.063834262569804e-14	4.288102373938762e-15	1.7453121766682028e-14	0.9999999999999676
5952	0.0	0.0	0.0	1.0
64915	0.0	0.0	0.0	1.0
n71769	1.266037362133455e-06	5.103142480996601e-07	2.077043861052973e-06	0.9999961466045286
38650	0.0	0.0	0.0	1.0
n71783	4.635356616968075e-09	1.8684192089526165e-09	7.604703694400082e-09	0.9999999858915204
70184	0.0	0.0	0.0	1.0
n70907	4.209638977948697e-07	1.6968209738951303e-07	6.906277064101348e-07	0.9999987187262984
40526	0.0	0.0	0.0	1.0
68015	0.0	0.0	0.0	1.0
n70920	8.10923327331616e-05	3.268669159623791e-05	0.00013303898993790014	0.9997531819857327
77929	0.0	0.0	0.0	1.0
56495	0.0	0.0	0.0	1.0
n70927	6.254989890944485e-05	2.5212608715506727e-05	0.00010261852250585596	0.9998096189698692
n70930	9.991058421597264e-09	4.027195103899102e-09	1.639119601101687e-08	0.9999999695905505
63991	0.0	0.0	0.0	1.0
n71026	2.204144560276756e-10	8.884464294838216e-11	3.616089907553233e-10	0.9999999993291319
38224	0.0	0.0	0.0	1.0
35421	0.0	0.0	0.0	1.0
n71032	7.806673762561591e-06	3.146713493974294e-06	1.2807523931558853e-05	0.999976239088812
n71055	1.0822954534617088e-05	4.362515728795472e-06	1.7755993580395014e-05	0.9999670585361562
75826	0.0	0.0	0.0	1.0
n71064	3.008139268630857e-05	1.2125205582112987e-05	4.9351128078663176e-05	0.9999084422736529
n71067	2.0915564323149164e-09	8.430644150312829e-10	3.4313793397572756e-09	0.9999999936339998
11700	0.0	0.0	0.0	1.0
n71169	2.863481169639252e-05	1.1542117821622036e-05	4.697788677118876e-05	0.9999128451837107
n71193	0.00018805257850424252	7.580021970353108e-05	0.0003085165299381158	0.9994276306718541
13577	0.0	0.0	0.0	1.0
n71203	4.28507113853045e-08	1.727226163711112e-08	7.03003005176853e-08	0.9999998695767264
59894	0.0	0.0	0.0	1.0
13871	0.0	0.0	0.0	1.0
20796	0.0	0.0	0.0	1.0
5650	0.0	0.0	0.0	1.0
87269	0.0	0.0	0.0	1.0
62381	0.0	0.0	0.0	1.0
77832	0.0	0.0	0.0	1.0
n71269	1.6539785569876604e-09	6.666855567830729e-10	2.713494965358153e-09	0.9999999949658409
67135	0.0	0.0	0.0	1.0
81003	0.0	0.0	0.0	1.0
75085	0.0	0.0	0.0	1.0
n71303	9.623723793153626e-05	3.8791298885098076e-05	0.000157885517622916	0.9997070859455605
n71306	2.5122487915478934e-10	1.012637060676963e-10	4.121561563656458e-10	0.9999999992353552
84797	0.0	0.0	0.0	1.0
n71311	2.504986100790848e-08	1.0097096158133997e-08	4.109646490924177e-08	0.999999923756578
n71326	1.09101010951321e-12	4.3976427580868883e-13	1.7898965054968687e-12	0.9999999999966792
57710	0.0	0.0	0.0	1.0
15654	0.0	0.0	0.0	1.0
12938	0.0	0.0	0.0	1.0
n71364	1.201970387380607e-13	4.8449013656323203e-14	1.9719364443315607e-13	0.9999999999996343
36682	0.0	0.0	0.0	1.0
n71447	1.147946330920055e-09	4.6271412380362275e-10	1.883305304227229e-09	0.9999999965060343
40140	0.0	0.0	0.0	1.0
21620	0.0	0.0	0.0	1.0
21911	0.0	0.0	0.0	1.0
87908	0.0	0.0	0.0	1.0
1814	0.0	0.0	0.0	1.0
n71455	2.5043415150595507e-09	1.009449796243582e-09	4.108588992246684e-09	0.9999999923776197
31678	0.0	0.0	0.0	1.0
n71459	4.060888592341874e-06	1.6368626792539976e-06	6.662239182997059e-06	0.9999876400095454
n71464	2.4018792539450366e-07	9.681493154654068e-08	3.9404907853510523e-07	0.9999992689480646
n71477	3.194439424527558e-06	1.28761441153729e-06	5.240754336854358e-06	0.9999902771918271
n71483	9.392297162806403e-10	3.7858464591354454e-10	1.5408876346522787e-09	0.9999999971412981
59017	0.0	0.0	0.0	1.0
n71488	3.459286294155699e-06	1.3943688685369457e-06	5.6752585474988475e-06	0.9999894710862898
n71503	2.3490223748474093e-09	9.468437684725869e-10	3.853774500723291e-09	0.9999999928503593
n71517	8.91895239438657e-14	3.595050684213747e-14	1.463231328858017e-13	0.9999999999997286
37235	0.0	0.0	0.0	1.0
48872	0.0	0.0	0.0	1.0
6851	0.0	0.0	0.0	1.0
71648	0.0	0.0	0.0	1.0
n71532	1.6384715307479145e-11	6.604349857711223e-12	2.688054346765211e-11	0.9999999999501303
n71537	1.4584161809843716e-08	5.878582884483348e-09	2.392657962691783e-08	0.9999999556106757
16625	0.0	0.0	0.0	1.0
86284	0.0	0.0	0.0	1.0
n71546	6.558745523418876e-07	2.643698669856238e-07	1.0760189654015792e-06	0.9999980037366153
n71588	8.425084730574304e-06	3.3959825421058484e-06	1.3822080644604133e-05	0.9999743568520827
n71605	6.470669905744178e-09	2.608197156272282e-09	1.0615693980766933e-08	0.9999999803054389
114	0.0	0.0	0.0	1.0
55463	0.0	0.0	0.0	1.0
76140	0.0	0.0	0.0	1.0
78420	0.0	0.0	0.0	1.0
n71623	2.965112288041093e-10	1.1951772459960345e-10	4.86452332246356e-10	0.9999999990975187
73362	0.0	0.0	0.0	1.0
32213	0.0	0.0	0.0	1.0
n71633	7.281998622573031e-06	2.9352274766038036e-06	1.1946748956700354e-05	0.9999778360249442
47772	0.0	0.0	0.0	1.0
77422	0.0	0.0	0.0	1.0
61544	0.0	0.0	0.0	1.0
n71648	1.0010828178051903e-23	4.035163895896864e-24	1.6423630007442758e-23	1.0
n71674	6.560767354656268e-05	2.6445136294447572e-05	0.00010763506643138949	0.9998003121237276
37087	0.0	0.0	0.0	1.0
n71685	1.1795071069083997e-06	4.7543563909981673e-07	1.9350834886452567e-06	0.9999964099737653
n71770	1.5162902886630486e-09	6.111861795736888e-10	2.4876054450198893e-09	0.9999999953849181
n71778	3.231977609418291e-05	1.3027453003803014e-05	5.3023389778881606e-05	0.9999016293811231
33300	0.0	0.0	0.0	1.0
65780	0.0	0.0	0.0	1.0
45836	0.0	0.0	0.0	1.0
n71786	1.3851210172174603e-13	5.58314479153461e-14	2.272410903244487e-13	0.9999999999995783
17550	0.0	0.0	0.0	1.0
n70909	8.978480530009507e-06	3.6190452808029054e-06	1.472997434689775e-05	0.9999726724998422
79446	0.0	0.0	0.0	1.0
30137	0.0	0.0	0.0	1.0
21544	0.0	0.0	0.0	1.0
647	0.0	0.0	0.0	1.0
50986	0.0	0.0	0.0	1.0
64443	0.0	0.0	0.0	1.0
n70933	8.646909389137488e-06	3.4853956093899585e-06	1.4186003194664125e-05	0.9999736816918068
n70936	6.302278320933348e-09	2.540321888480627e-09	1.0339433012532216e-08	0.9999999808179668
22404	0.0	0.0	0.0	1.0
48226	0.0	0.0	0.0	1.0
45433	0.0	0.0	0.0	1.0
47251	0.0	0.0	0.0	1.0
n71056	8.522117251885971e-06	3.435094403758125e-06	1.3981270893439491e-05	0.9999740615174508
n71059	0.00011743365602389016	4.7335149552330914e-05	0.00019266007593519668	0.9996425711184885
36214	0.0	0.0	0.0	1.0
12004	0.0	0.0	0.0	1.0
n71068	1.2720681944623813e-09	5.12745155557369e-10	2.086937963423464e-09	0.9999999961282486
n71110	1.7552769386751366e-09	7.075169011262166e-10	2.8796837273264654e-09	0.9999999946575224
n71170	0.00012822727245083185	5.168583967881256e-05	0.00021036793781090062	0.9996097189500595
n71173	3.8679335380425275e-05	1.5590863699625656e-05	6.345679717235133e-05	0.9998822730037475
9695	0.0	0.0	0.0	1.0
n71195	0.0002162759839991283	8.717650794329018e-05	0.0003548194692308204	0.9993417280388267
63081	0.0	0.0	0.0	1.0
39828	0.0	0.0	0.0	1.0
n71206	5.292046668238867e-08	2.1331177871873354e-08	8.682060556371411e-08	0.9999998389277499
1964	0.0	0.0	0.0	1.0
9667	0.0	0.0	0.0	1.0
31921	0.0	0.0	0.0	1.0
69799	0.0	0.0	0.0	1.0
6800	0.0	0.0	0.0	1.0
28	0.0	0.0	0.0	1.0
72627	0.0	0.0	0.0	1.0
21582	0.0	0.0	0.0	1.0
n71312	2.0453857019969384e-05	8.24453920403603e-06	3.3556322608514306e-05	0.9999377452811675
n71320	4.444899262152773e-08	1.7916496721880483e-08	7.292241920803692e-08	0.9999998647120916
68442	0.0	0.0	0.0	1.0
13033	0.0	0.0	0.0	1.0
n71327	1.3340387301814797e-09	5.377242346001357e-10	2.1886059904749205e-09	0.9999999959396311
n71338	4.459604470317074e-05	1.7975770464283068e-05	7.316367087450985e-05	0.999864264513958
55267	0.0	0.0	0.0	1.0
n71348	4.543060487622616e-08	1.831216491830535e-08	7.453283906493592e-08	0.9999998617243911
n71358	3.5324637771144343e-10	1.4238652430601931e-10	5.795312541395694e-10	0.9999999989248358
n71365	1.6775548301899119e-06	6.761886792753885e-07	2.7521738819414302e-06	0.9999948940826086
n71381	1.4134623243520208e-10	5.697382911775907e-11	2.3189072703808257e-10	0.9999999995697891
n71431	0.00010452920331981892	4.213362369236852e-05	0.00017148920446575404	0.999681847968522
n71434	4.128292164931963e-06	1.6640317064046483e-06	6.7728205772344e-06	0.9999874348555514
65178	0.0	0.0	0.0	1.0
54225	0.0	0.0	0.0	1.0
26849	0.0	0.0	0.0	1.0
1373	0.0	0.0	0.0	1.0
76654	0.0	0.0	0.0	1.0
n71461	4.9935133659519766e-09	2.012785005354976e-09	8.192290837577368e-09	0.9999999848014107
n71465	2.064578692648639e-06	8.321902296833712e-07	3.387120023061847e-06	0.9999937161110547
6702	0.0	0.0	0.0	1.0
87671	0.0	0.0	0.0	1.0
33568	0.0	0.0	0.0	1.0
22907	0.0	0.0	0.0	1.0
n71480	4.877979919298052e-10	1.9662157920576632e-10	8.002748219566121e-10	0.9999999985153056
54108	0.0	0.0	0.0	1.0
70432	0.0	0.0	0.0	1.0
29587	0.0	0.0	0.0	1.0
28338	0.0	0.0	0.0	1.0
n71490	9.139021553115682e-06	3.6837561447520703e-06	1.499335578923365e-05	0.9999721838665129
n71504	3.3604217641023255e-10	1.354518560933942e-10	5.513062729772576e-10	0.9999999989771996
70280	0.0	0.0	0.0	1.0
n71518	4.144301161999091e-09	1.6704846117812905e-09	6.799084722412437e-09	0.9999999873861296
n71521	4.500680623190756e-09	1.8141340191492664e-09	7.383756071152211e-09	0.9999999863014293
70325	0.0	0.0	0.0	1.0
37362	0.0	0.0	0.0	1.0
38976	0.0	0.0	0.0	1.0
58645	0.0	0.0	0.0	1.0
43714	0.0	0.0	0.0	1.0
75027	0.0	0.0	0.0	1.0
72914	0.0	0.0	0.0	1.0
n71547	9.402508457842673e-07	3.789962427198012e-07	1.5425628859760422e-06	0.9999971381900256
n71556	4.37579293154474e-20	1.7637942974590193e-20	7.178867004673645e-20	1.0
38949	0.0	0.0	0.0	1.0
n71590	1.732895299859729e-09	6.984953117759026e-10	2.8429647118437715e-09	0.9999999947256446
72111	0.0	0.0	0.0	1.0
36232	0.0	0.0	0.0	1.0
n71608	1.5665168746998964e-08	6.314315082303546e-09	2.570006506244268e-08	0.999999952320451
14750	0.0	0.0	0.0	1.0
39808	0.0	0.0	0.0	1.0
n71625	0.00012209789373784482	4.921521015176206e-05	0.00020031216156870114	0.9996283747345417
n71634	5.261468875490717e-06	2.1207924927043176e-06	8.63189504103064e-06	0.9999839858435907
n71637	2.2401803731243525e-06	9.0297174231266e-07	3.6752097772283755e-06	0.9999931816381072
8717	0.0	0.0	0.0	1.0
3197	0.0	0.0	0.0	1.0
n71651	1.0297919647229903e-05	4.1508847044696365e-06	1.6894628408794935e-05	0.9999686565672394
n71657	4.414130071562639e-05	1.7792472290767494e-05	7.241762400738733e-05	0.9998656486029862
n71661	5.18840312786894e-05	2.0913411564525872e-05	8.512024358624144e-05	0.9998420823135705
n71664	5.334171781567279e-11	2.150097574812312e-11	8.751170450480226e-11	0.9999999998376455
4191	0.0	0.0	0.0	1.0
36972	0.0	0.0	0.0	1.0
55089	0.0	0.0	0.0	1.0
31828	0.0	0.0	0.0	1.0
n71671	6.4412417836460124e-06	2.596335270951454e-06	1.0567414599625045e-05	0.9999803950083458
n71675	1.702037947248392e-05	6.860573323234944e-06	2.7923405543531066e-05	0.9999481956416608
6696	0.0	0.0	0.0	1.0
n71686	3.421073988803434e-05	1.3789662552671956e-05	5.612567953506536e-05	0.9998958739180243
n71689	1.0450057382674923e-05	4.212208371837857e-06	1.7144223530465026e-05	0.999968193510715
n71771	1.0810519527629633e-09	4.3575034270808943e-10	1.773559287525144e-09	0.9999999967096384
36076	0.0	0.0	0.0	1.0
23197	0.0	0.0	0.0	1.0
3648	0.0	0.0	0.0	1.0
60166	0.0	0.0	0.0	1.0
29012	0.0	0.0	0.0	1.0
21063	0.0	0.0	0.0	1.0
n71789	2.1782718648307974e-06	8.780176652800843e-07	3.573643511536667e-06	0.9999933700669584
77146	0.0	0.0	0.0	1.0
n71798	1.511714396582931e-15	6.093417293259342e-16	2.480098298044516e-15	0.9999999999999954
n70910	4.9481513143901904e-08	1.9945004729016828e-08	8.117870466157675e-08	0.9999998493947774
24443	0.0	0.0	0.0	1.0
62079	0.0	0.0	0.0	1.0
85156	0.0	0.0	0.0	1.0
26415	0.0	0.0	0.0	1.0
n70938	4.049621978754202e-08	1.6323213334662762e-08	6.643755328343908e-08	0.9999998767430136
n70953	1.088010437840654e-12	4.385551683684874e-13	1.784975284513172e-12	0.9999999999966885
78024	0.0	0.0	0.0	1.0
40621	0.0	0.0	0.0	1.0
11760	0.0	0.0	0.0	1.0
29706	0.0	0.0	0.0	1.0
n71069	3.63882331718972e-05	1.466736638759196e-05	5.96980457171423e-05	0.9998892463547234
n71072	8.714410533410594e-19	3.5126039657275004e-19	1.429674466369162e-18	1.0
40734	0.0	0.0	0.0	1.0
n71112	2.0558248835493446e-09	8.286617449465616e-10	3.3727586416410833e-09	0.9999999937427547
61637	0.0	0.0	0.0	1.0
33070	0.0	0.0	0.0	1.0
n71174	1.3325941895157657e-05	5.371419692533763e-06	2.186236096495878e-05	0.9999594402774473
n71183	3.869563547492668e-05	1.5597433940534994e-05	6.348353888806318e-05	0.9998822233916965
54602	0.0	0.0	0.0	1.0
n71197	4.623709081187538e-09	1.8637243210750243e-09	7.585594903922844e-09	0.9999999859269717
n71207	1.826270554296385e-05	7.361330025614745e-06	2.9961548978546375e-05	0.9999444144154528
n71212	0.00014699835399033422	5.925208586423817e-05	0.00024116352160887574	0.9995525860385366
n71313	1.4149753862298342e-06	5.703481760495534e-07	2.3213895793384455e-06	0.9999956932868583
35779	0.0	0.0	0.0	1.0
40488	0.0	0.0	0.0	1.0
25826	0.0	0.0	0.0	1.0
45180	0.0	0.0	0.0	1.0
n71328	1.2116522421450416e-08	4.8839269787942936e-09	1.98782036498315e-08	0.999999963121347
67504	0.0	0.0	0.0	1.0
17766	0.0	0.0	0.0	1.0
36349	0.0	0.0	0.0	1.0
n71340	4.4054965637665716e-07	1.775767235380522e-07	7.227598384017332e-07	0.9999986591137817
20965	0.0	0.0	0.0	1.0
n71350	1.7914229713351296e-10	7.220866413490405e-11	2.9389844221427365e-10	0.9999999994547506
28822	0.0	0.0	0.0	1.0
41298	0.0	0.0	0.0	1.0
12672	0.0	0.0	0.0	1.0
n71367	1.0123805783540298e-06	4.080702900922577e-07	1.6608979546828261e-06	0.9999969186511769
n71382	3.0493082567853203e-09	1.2291149509705025e-09	5.002654095880042e-09	0.9999999907189226
n71405	4.574389838692328e-06	1.8438447243873129e-06	7.504682418304069e-06	0.9999860770830187
27323	0.0	0.0	0.0	1.0
76667	0.0	0.0	0.0	1.0
n71435	2.2487812874717223e-06	9.064385982439503e-07	3.689320321576405e-06	0.9999931554597927
n71440	9.031400252283926e-06	3.640376158618868e-06	1.4816793731195767e-05	0.9999725114298579
75944	0.0	0.0	0.0	1.0
8366	0.0	0.0	0.0	1.0
8856	0.0	0.0	0.0	1.0
n71467	2.8904032548573916e-05	1.1650635343192e-05	4.7419566878755655e-05	0.9999120257652295
84228	0.0	0.0	0.0	1.0
14101	0.0	0.0	0.0	1.0
n71491	9.159588641707878e-06	3.6920463253300267e-06	1.5027097878035961e-05	0.9999721212671548
n71496	3.2754195230378574e-05	1.3202558637711173e-05	5.373609196836407e-05	0.9999003071541637
n71505	9.623308259800492e-09	3.8789623953559665e-09	1.5787870043863688e-08	0.9999999707098594
49308	0.0	0.0	0.0	1.0
57149	0.0	0.0	0.0	1.0
41522	0.0	0.0	0.0	1.0
34953	0.0	0.0	0.0	1.0
25412	0.0	0.0	0.0	1.0
34839	0.0	0.0	0.0	1.0
12664	0.0	0.0	0.0	1.0
n71550	5.5019031594676265e-06	2.2177067264503856e-06	9.026348292141145e-06	0.9999832540418219
27063	0.0	0.0	0.0	1.0
79844	0.0	0.0	0.0	1.0
72392	0.0	0.0	0.0	1.0
n71560	2.1801179134962374e-09	8.787617704422474e-10	3.5766721141375234e-09	0.9999999933644482
86510	0.0	0.0	0.0	1.0
n71568	8.816857459791973e-07	3.5538982653825774e-07	1.4464817712630527e-06	0.9999973164426562
30079	0.0	0.0	0.0	1.0
n71582	3.937401938130533e-05	1.587087687631309e-05	6.459648639682112e-05	0.9998801586173456
72056	0.0	0.0	0.0	1.0
48107	0.0	0.0	0.0	1.0
24738	0.0	0.0	0.0	1.0
27723	0.0	0.0	0.0	1.0
n71592	3.4085994770697363e-07	1.3739380299823867e-07	5.592102437407985e-07	0.9999989625360055
n71601	4.283972230473256e-07	1.7267832159311392e-07	7.028227197996338e-07	0.9999986961017356
52203	0.0	0.0	0.0	1.0
n71610	1.299378441673832e-05	5.237533680224771e-06	2.1317427875234534e-05	0.9999604512540278
n71626	1.2958424055250894e-05	5.2232806282812015e-06	2.125941614197233e-05	0.9999605588791746
344	0.0	0.0	0.0	1.0
11182	0.0	0.0	0.0	1.0
48788	0.0	0.0	0.0	1.0
68917	0.0	0.0	0.0	1.0
82179	0.0	0.0	0.0	1.0
56248	0.0	0.0	0.0	1.0
n71653	6.990236367161188e-05	2.8176239678546977e-05	0.00011468087726301166	0.9997872405193868
70813	0.0	0.0	0.0	1.0
87830	0.0	0.0	0.0	1.0
15334	0.0	0.0	0.0	1.0
28598	0.0	0.0	0.0	1.0
3514	0.0	0.0	0.0	1.0
68396	0.0	0.0	0.0	1.0
58619	0.0	0.0	0.0	1.0
1744	0.0	0.0	0.0	1.0
42919	0.0	0.0	0.0	1.0
68718	0.0	0.0	0.0	1.0
n71676	3.7786650882665156e-10	1.5231040497017252e-10	6.199227099691057e-10	0.9999999988499003
87637	0.0	0.0	0.0	1.0
39409	0.0	0.0	0.0	1.0
28939	0.0	0.0	0.0	1.0
17516	0.0	0.0	0.0	1.0
n71691	8.589620874653922e-09	3.462303759127212e-09	1.4092016428652403e-08	0.999999973856059
80280	0.0	0.0	0.0	1.0
n71773	1.116363258230688e-11	4.49983621154796e-12	1.831490540141504e-11	0.9999999999660216
n71790	8.341026970867602e-05	3.362100546420207e-05	0.00013684176615074974	0.9997461269586764
n71793	5.523358795264776e-06	2.226355062571266e-06	9.06154811953199e-06	0.9999831887380226
n71799	1.6306539343100884e-09	6.572838695659948e-10	2.6752289032395844e-09	0.9999999950368333
46249	0.0	0.0	0.0	1.0
n71813	7.366289365746938e-05	2.969203383248508e-05	0.00012085035215770882	0.9997757947203524
n71822	4.445001130990596e-12	1.791690733471802e-12	7.292409045448262e-12	0.9999999999864708
51818	0.0	0.0	0.0	1.0
38045	0.0	0.0	0.0	1.0
29045	0.0	0.0	0.0	1.0
n70940	6.653902184016291e-06	2.6820544097078754e-06	1.0916302391004137e-05	0.9999797477410153
74078	0.0	0.0	0.0	1.0
60289	0.0	0.0	0.0	1.0
28342	0.0	0.0	0.0	1.0
4658	0.0	0.0	0.0	1.0
73943	0.0	0.0	0.0	1.0
1260	0.0	0.0	0.0	1.0
n71075	0.00013704376999419375	5.523959286910661e-05	0.00022483216504947884	0.9995828844720872
n71078	5.151191394038957e-06	2.0763418534794647e-06	8.450975288808022e-06	0.9999843214914637
n71089	1.3411235334043641e-10	5.4057997656933406e-11	2.2002292233122517e-10	0.9999999995918067
9109	0.0	0.0	0.0	1.0
12250	0.0	0.0	0.0	1.0
83342	0.0	0.0	0.0	1.0
n71113	2.727777706681098e-12	1.0995124401559588e-12	4.475155401758084e-12	0.9999999999916975
n71119	3.3167940804917325e-09	1.3369331173886174e-09	5.4414877390766926e-09	0.999999989904785
44756	0.0	0.0	0.0	1.0
38482	0.0	0.0	0.0	1.0
n71177	1.3357966452955641e-05	5.384328148968146e-06	2.1914900023573255e-05	0.9999593428053746
n71184	0.00019985747329736236	8.055853584050105e-05	0.0003278834814940376	0.9993917005093681
51784	0.0	0.0	0.0	1.0
2642	0.0	0.0	0.0	1.0
26904	0.0	0.0	0.0	1.0
1366	0.0	0.0	0.0	1.0
33095	0.0	0.0	0.0	1.0
n71209	2.0547618444356936e-12	8.282332552177362e-13	3.371014633975018e-12	0.999999999993746
n71213	9.717175145475705e-09	3.916798252825514e-09	1.5941866793469338e-08	0.9999999704241598
3817	0.0	0.0	0.0	1.0
n71314	3.880299508245554e-05	1.5640708443350644e-05	6.365967161558955e-05	0.9998818966248587
57044	0.0	0.0	0.0	1.0
27439	0.0	0.0	0.0	1.0
8746	0.0	0.0	0.0	1.0
n71330	9.966943863566397e-06	4.017475009597114e-06	1.635163399158672e-05	0.9999696639471353
26586	0.0	0.0	0.0	1.0
80975	0.0	0.0	0.0	1.0
n71343	1.335287329079245e-05	5.382275197532828e-06	2.1906544250259755e-05	0.9999593583072613
29253	0.0	0.0	0.0	1.0
n71351	9.324254693776053e-12	3.758419905653994e-12	1.529724678738227e-11	0.99999999997162
2768	0.0	0.0	0.0	1.0
n71368	2.224854716646186e-06	8.967942778110515e-07	3.650066711425846e-06	0.9999932282842942
62067	0.0	0.0	0.0	1.0
n71383	3.302408290650772e-06	1.331134494262963e-06	5.4178866058327145e-06	0.9999899485706093
n71389	6.21403121520883e-06	2.5047512515059874e-06	1.0194655998296294e-05	0.999981086561535
3060	0.0	0.0	0.0	1.0
n71407	7.962054639759483e-06	3.209344406685027e-06	1.306243970795036e-05	0.9999757661612456
n71436	3.574642614968472e-10	1.440866685963054e-10	5.864510575238428e-10	0.999999998911998
52450	0.0	0.0	0.0	1.0
4233	0.0	0.0	0.0	1.0
n71442	1.8810817582746782e-07	7.582262986854411e-08	3.0860774215850514e-07	0.9999994274614522
n71468	6.094892331031327e-06	2.456728758713183e-06	9.99919834799711e-06	0.9999814491805623
n71471	1.689952262864606e-05	6.811858355386852e-06	2.772512943172924e-05	0.9999485634895843
n71492	9.245146997871376e-05	3.7265331813266306e-05	0.00015167463765920747	0.9997186085605488
25563	0.0	0.0	0.0	1.0
n71497	3.2763956400441405e-05	1.3206493169432094e-05	5.3752106012626984e-05	0.9999002774444176
75977	0.0	0.0	0.0	1.0
60687	0.0	0.0	0.0	1.0
n71507	4.0246432390084107e-10	1.622252904861318e-10	6.602775544020319e-10	0.9999999987750329
19018	0.0	0.0	0.0	1.0
6952	0.0	0.0	0.0	1.0
n71553	7.089380175801551e-10	2.857586847050277e-10	1.1630741724719302e-09	0.9999999978422291
64569	0.0	0.0	0.0	1.0
n71562	5.972280758859913e-10	2.4073064950956674e-10	9.798043452502057e-10	0.999999998182237
41740	0.0	0.0	0.0	1.0
n71570	2.4018605819547946e-05	9.681417891609344e-06	3.9404601523351045e-05	0.9999268953747655
n71573	1.5498244035914143e-07	6.247031081866975e-08	2.5426210627505216e-07	0.9999995282851426
27546	0.0	0.0	0.0	1.0
74414	0.0	0.0	0.0	1.0
62525	0.0	0.0	0.0	1.0
84166	0.0	0.0	0.0	1.0
n71595	2.569754984578149e-06	1.0358166527925238e-06	4.215905450162922e-06	0.9999921785229124
33853	0.0	0.0	0.0	1.0
63018	0.0	0.0	0.0	1.0
n71611	7.206570468624581e-05	2.904823901781269e-05	0.00011823002542261856	0.9997806560308733
74626	0.0	0.0	0.0	1.0
73845	0.0	0.0	0.0	1.0
67569	0.0	0.0	0.0	1.0
47664	0.0	0.0	0.0	1.0
82777	0.0	0.0	0.0	1.0
34453	0.0	0.0	0.0	1.0
n71678	3.682994913542936e-11	1.4845413226133596e-11	6.042271898336952e-11	0.9999999998879019
85844	0.0	0.0	0.0	1.0
n71692	1.3522084611911962e-11	5.450480884576307e-12	2.2184150066852294e-11	0.9999999999588434
n71699	1.0810171541462753e-07	4.3573631608420075e-08	1.7735021973828557e-07	0.9999996709744332
67714	0.0	0.0	0.0	1.0
30148	0.0	0.0	0.0	1.0
73924	0.0	0.0	0.0	1.0
47246	0.0	0.0	0.0	1.0
42216	0.0	0.0	0.0	1.0
71074	0.0	0.0	0.0	1.0
19341	0.0	0.0	0.0	1.0
n71800	6.285120538300573e-09	2.5334059307015084e-09	1.0311284185212752e-08	0.9999999808701894
32661	0.0	0.0	0.0	1.0
n71814	4.655632891088985e-05	1.8765921680545806e-05	7.637968676893879e-05	0.9998582980626396
32301	0.0	0.0	0.0	1.0
16001	0.0	0.0	0.0	1.0
n71824	4.098645145961593e-12	1.6520815881484424e-12	6.7241820768292995e-12	0.9999999999875251
n70941	4.243372840871481e-05	1.7104184169152382e-05	6.961620385703879e-05	0.9998708458835651
n70950	1.9847537547875454e-12	8.000143995202355e-13	3.2561603040975057e-12	0.999999999993959
38061	0.0	0.0	0.0	1.0
38041	0.0	0.0	0.0	1.0
n71079	4.313717763720079e-10	1.7387730433147375e-10	7.077027319597707e-10	0.9999999986870481
n71082	3.433107434285267e-12	1.3838166955991895e-12	5.632309862247035e-12	0.9999999999895507
n71090	2.637053556769481e-05	1.0629433563900598e-05	4.326314582158904e-05	0.9999197368850469
n71095	8.85795314072624e-10	3.5704631094727667e-10	1.453223873380507e-09	0.9999999973039344
52098	0.0	0.0	0.0	1.0
43567	0.0	0.0	0.0	1.0
50131	0.0	0.0	0.0	1.0
79582	0.0	0.0	0.0	1.0
65999	0.0	0.0	0.0	1.0
17834	0.0	0.0	0.0	1.0
n71121	2.6562524957183494e-05	1.0706820633090189e-05	4.3578121030656155e-05	0.9999191525333792
n71126	9.724405858989744e-07	3.9197128083042906e-07	1.5953729404767052e-06	0.9999970402151928
n71178	2.136652271139432e-07	8.612416424737495e-08	3.505362966142259e-07	0.999999349674312
25455	0.0	0.0	0.0	1.0
23660	0.0	0.0	0.0	1.0
n71186	1.449100927735465e-07	5.841034968444258e-08	2.3773754835537334e-07	0.9999995589420092
71914	0.0	0.0	0.0	1.0
16505	0.0	0.0	0.0	1.0
29597	0.0	0.0	0.0	1.0
54028	0.0	0.0	0.0	1.0
1745	0.0	0.0	0.0	1.0
50070	0.0	0.0	0.0	1.0
n71331	5.606993644756655e-06	2.2600665916381917e-06	9.19875832825321e-06	0.9999829341814354
73259	0.0	0.0	0.0	1.0
79541	0.0	0.0	0.0	1.0
13287	0.0	0.0	0.0	1.0
3154	0.0	0.0	0.0	1.0
87690	0.0	0.0	0.0	1.0
n71353	5.841943385673344e-07	2.3547701161653543e-07	9.584213711816807e-07	0.9999982219072786
26468	0.0	0.0	0.0	1.0
47265	0.0	0.0	0.0	1.0
n71370	1.1713993499052266e-05	4.7216756499505515e-06	1.9217820116003994e-05	0.9999643465107351
28702	0.0	0.0	0.0	1.0
31285	0.0	0.0	0.0	1.0
n71385	1.5121271012329506e-05	6.095080822863344e-06	2.4807753757401792e-05	0.9999539758944074
n71390	6.213493532885339e-06	2.5045345225540345e-06	1.0193773883911202e-05	0.9999810881980606
52232	0.0	0.0	0.0	1.0
n71408	5.963871335414109e-06	2.4039168253031e-06	9.784247065550595e-06	0.9999818479647737
n71427	1.929490191246552e-07	7.7773876633655e-08	3.1654956453553115e-07	0.9999994127275398
86163	0.0	0.0	0.0	1.0
79934	0.0	0.0	0.0	1.0
290	0.0	0.0	0.0	1.0
86072	0.0	0.0	0.0	1.0
26160	0.0	0.0	0.0	1.0
64349	0.0	0.0	0.0	1.0
78599	0.0	0.0	0.0	1.0
47840	0.0	0.0	0.0	1.0
23036	0.0	0.0	0.0	1.0
84713	0.0	0.0	0.0	1.0
3227	0.0	0.0	0.0	1.0
46769	0.0	0.0	0.0	1.0
38727	0.0	0.0	0.0	1.0
n71499	3.7213172224244487e-09	1.4999882760977057e-09	6.1051429626392345e-09	0.9999999886735514
n71508	3.5294539162455366e-06	1.4226520285594712e-06	5.7903746041535945e-06	0.9999892575194511
82531	0.0	0.0	0.0	1.0
38871	0.0	0.0	0.0	1.0
66387	0.0	0.0	0.0	1.0
n71563	1.1259605338018827e-10	4.5385209029591687e-11	1.8472357013067258e-10	0.9999999996572951
47409	0.0	0.0	0.0	1.0
78773	0.0	0.0	0.0	1.0
13335	0.0	0.0	0.0	1.0
48415	0.0	0.0	0.0	1.0
41665	0.0	0.0	0.0	1.0
n71576	3.0570954572916176e-06	1.2322538151857542e-06	5.015429672249397e-06	0.9999906952210552
26894	0.0	0.0	0.0	1.0
n71597	6.6974358030305245e-09	2.699601937702522e-09	1.0987723060588928e-08	0.9999999796152392
21929	0.0	0.0	0.0	1.0
48700	0.0	0.0	0.0	1.0
34069	0.0	0.0	0.0	1.0
68116	0.0	0.0	0.0	1.0
54260	0.0	0.0	0.0	1.0
n71693	6.562019061497238e-06	2.6450181673474254e-06	1.0765560176539808e-05	0.9999800274025945
86706	0.0	0.0	0.0	1.0
35894	0.0	0.0	0.0	1.0
85999	0.0	0.0	0.0	1.0
58118	0.0	0.0	0.0	1.0
24720	0.0	0.0	0.0	1.0
n71702	2.03376145721271e-14	8.197684206591106e-15	3.3365616812693183e-14	0.9999999999999382
33885	0.0	0.0	0.0	1.0
n71802	4.255180723865712e-06	1.7151779375360954e-06	6.980992239662336e-06	0.9999870486490989
46896	0.0	0.0	0.0	1.0
3033	0.0	0.0	0.0	1.0
77059	0.0	0.0	0.0	1.0
n71816	2.4236320866884152e-05	9.769174457098164e-06	3.976178190052924e-05	0.9999262327227755
n71825	3.757466680852757e-05	1.5145593971789708e-05	6.164449277724897e-05	0.9998856352464425
n71828	4.418334439906909e-05	1.780941925564018e-05	7.248660030872139e-05	0.9998655206360365
n71831	1.4162294238467885e-10	5.7085365344123426e-11	2.3234469365790023e-10	0.9999999995689469
n70942	1.4242206465306312e-05	5.74074754901015e-06	2.336557228987622e-05	0.9999566514736957
39991	0.0	0.0	0.0	1.0
19003	0.0	0.0	0.0	1.0
75038	0.0	0.0	0.0	1.0
45877	0.0	0.0	0.0	1.0
57791	0.0	0.0	0.0	1.0
43388	0.0	0.0	0.0	1.0
36905	0.0	0.0	0.0	1.0
38813	0.0	0.0	0.0	1.0
53927	0.0	0.0	0.0	1.0
80704	0.0	0.0	0.0	1.0
40490	0.0	0.0	0.0	1.0
n71091	2.6383336327636136e-05	1.0634593293289272e-05	4.328414657610716e-05	0.999919697923803
48817	0.0	0.0	0.0	1.0
n71096	2.244443527793706e-05	9.046901343875648e-06	3.682203851415711e-05	0.999931686624864
29577	0.0	0.0	0.0	1.0
n71100	9.150341719597304e-06	3.6883190766364e-06	1.5011927502044026e-05	0.9999721494117018
78592	0.0	0.0	0.0	1.0
n71123	1.3782787468176656e-08	5.5555649729700245e-09	2.2611855664932988e-08	0.9999999580497919
n71127	9.783514079159935e-07	3.943538145403213e-07	1.605070155544306e-06	0.9999970222246221
86691	0.0	0.0	0.0	1.0
43245	0.0	0.0	0.0	1.0
75600	0.0	0.0	0.0	1.0
32865	0.0	0.0	0.0	1.0
54576	0.0	0.0	0.0	1.0
14748	0.0	0.0	0.0	1.0
26844	0.0	0.0	0.0	1.0
58369	0.0	0.0	0.0	1.0
8322	0.0	0.0	0.0	1.0
72716	0.0	0.0	0.0	1.0
26005	0.0	0.0	0.0	1.0
21782	0.0	0.0	0.0	1.0
69115	0.0	0.0	0.0	1.0
39515	0.0	0.0	0.0	1.0
n71371	1.646164411354474e-05	6.635358315280318e-06	2.7006751831762078e-05	0.9999498962457394
n71374	2.150464886045702e-05	8.668092302883028e-06	3.528023756300783e-05	0.9999345470212736
36381	0.0	0.0	0.0	1.0
9239	0.0	0.0	0.0	1.0
52601	0.0	0.0	0.0	1.0
n71391	1.6856775332426946e-05	6.794627778327427e-06	2.7654998792741696e-05	0.9999486935980965
