node	RT_T215D	RT_T215F	RT_T215S	RT_T215Y	sensitive
sensitive	0.0	0.0	0.0	0.0	1.0
n70854	0.00016889061741803355	0.0002818330166600019	0.024070451594221033	0.0009501355594539707	0.974528689212247
n70855	0.0008075182067725177	0.0013475307018344352	0.22645396227057335	0.004542891576161347	0.7668480972446584
n70959	0.00018760437254433836	0.0003130612408261118	0.010497061125823638	0.0010554143752238613	0.9879468588855821
19213	0.0	0.0	0.0	0.0	1.0
n70857	0.0009424195461171152	0.0015726447549428875	0.3861007771218053	0.005301812121830351	0.6060823464553045
56083	0.0	0.0	0.0	0.0	1.0
n70961	5.397707899277639e-05	9.007322748649652e-05	0.0014063024241810138	0.00030366128640261977	0.998145985982937
74507	0.0028838070443440336	0.004812298345509275	0.20594899006579118	0.01622356328210422	0.7701313412622514
n70859	2.5148343344303794e-06	4.196582129357428e-06	0.9696953192623184	1.4147816875841011e-05	0.030283821504341914
n70962	6.177474679567456e-05	0.00010308543783542205	0.001198952145092904	0.00034752897765514624	0.9982886586926207
n70984	1.6992089591405085e-05	2.8355227437231028e-05	8.736704927364954e-05	9.559316436306532e-05	0.9997716924693347
n70860	9.12353831442295e-06	1.5224731634454743e-05	0.9659507600265145	5.132670075518584e-05	0.03397356500278149
38019	0.0	0.0	0.0	0.0	1.0
n70879	2.515174170326551e-06	4.197149224067907e-06	0.9697043650351989	1.414972870596081e-05	0.030274772912700754
n70963	6.18381903038981e-05	0.00010319130798726049	0.0011988909934272582	0.0003478858946591885	0.9982881936136223
n70966	5.424661289164436e-05	9.05230070714812e-05	0.00010840179540604876	0.00030517761540720177	0.9994416509692235
n70985	4.698865145913697e-06	7.84114214985393e-06	4.781211503050831e-06	2.6434617461080842e-05	0.9999562441637401
n71048	7.107532180000505e-07	1.1860559609060282e-06	2.677752146764174e-06	3.99851641696989e-06	0.9999914269222574
43731	0.0	0.0	1.0	0.0	0.0
n70862	2.4142737189219625e-08	4.028773508255794e-08	0.012652202880537632	1.3582088488226487e-07	0.9873475968681051
45251	0.0	0.0	0.0	0.0	1.0
n70881	2.277278970172076e-07	3.800166117880761e-07	0.9993026101344465	1.281139095490199e-06	0.0006955009819491252
39652	0.0	0.0	0.0	0.0	1.0
53580	0.0	0.0	0.0	0.0	1.0
n70967	3.0952093554471545e-10	5.165071945238724e-10	4.1757456025813353e-10	1.741285879301268e-09	0.9999999970151114
59805	0.0	0.0	0.0	0.0	1.0
n70986	3.814964788999298e-06	6.366150182719121e-06	3.668345238648956e-06	2.1462019379804875e-05	0.9999646885204099
n70994	4.042188397310853e-05	6.745325272287943e-05	3.832548554807293e-05	0.00022740321475591977	0.999626396163
n71045	3.5768334702100745e-05	5.968773058035669e-05	3.38087234432413e-05	0.0002012235328549909	0.9996695116784193
n71049	2.1968459694675068e-07	3.6659450724838415e-07	6.490833023418386e-07	1.2358895397177556e-06	0.9999975287480537
n71242	1.6686970872995726e-05	2.784606635911207e-05	1.611543824365377e-05	9.387664423514022e-05	0.9998454748802891
153	0.0	0.0	0.0	0.0	1.0
n70864	3.4355701390153707e-09	5.73304255161268e-09	4.131964270051639e-07	1.9327641795500827e-08	0.9999995583073186
n70867	1.572482517265885e-23	2.6240503958204897e-23	1.0	8.846385779832402e-23	8.995784339479787e-21
49455	0.0	0.0	1.0	0.0	0.0
n70883	5.849854512728246e-27	9.761833839848859e-27	1.0	3.290979022486477e-26	1.861094914342073e-24
71762	0.0	0.0	0.0	0.0	1.0
49347	0.0	0.0	0.0	0.0	1.0
n70970	1.1707258541871859e-06	1.9536265792122163e-06	1.105778199060748e-06	6.586205210453549e-06	0.9999891836641571
n70980	2.460324418500254e-05	4.105619740331132e-05	2.323682955881982e-05	0.00013841157984661372	0.9997726921490063
n70987	1.2316912440157089e-06	2.055361417949273e-06	1.1693595620660142e-06	6.929180952135383e-06	0.9999886144068237
n70991	4.322991926786614e-05	7.213910839744572e-05	4.0835130304080044e-05	0.0002432005054908291	0.9996005953365398
19325	0.0	0.0	0.0	0.0	1.0
n70996	2.4204412233495564e-15	4.039065414370332e-15	2.2866487813071516e-15	1.3616785295896045e-14	0.9999999999999776
1030	0.0	0.0	0.0	0.0	1.0
67303	0.0	0.0	0.0	0.0	1.0
n71050	2.2167017266610919e-07	3.6990789909541944e-07	6.497241548853553e-07	1.2470598825455121e-06	0.9999975116378909
n71226	1.0778741024234991e-05	1.7986819783706352e-05	1.0225627501019097e-05	6.063844925098518e-05	0.9999003703624402
n71243	2.6653007661594812e-05	4.447670135361431e-05	2.5241521946561022e-05	0.0001499430266336178	0.9997536857424045
n71274	1.3804781766375806e-08	2.303646791651348e-08	1.3061006444142904e-08	7.766218305822196e-08	0.9999998724355608
56404	0.0	0.0	0.0	0.0	1.0
82523	0.0	0.0	0.0	0.0	1.0
64725	0.0	0.0	1.0	0.0	0.0
79525	0.0	0.0	1.0	0.0	0.0
44425	0.0	0.0	1.0	0.0	0.0
n70871	9.329629722019855e-18	1.5568642764621173e-17	0.999999999999992	5.248611847684075e-17	7.905380170705147e-15
81602	0.0	0.0	1.0	0.0	0.0
46981	0.0	0.0	1.0	0.0	0.0
n70884	1.6289994162383017e-15	2.7183618997582097e-15	0.999999999999679	9.164335445981375e-15	3.074103219753909e-13
n70895	1.2900577397699263e-06	2.1527594014593264e-06	0.9997458513919601	7.2575359782736215e-06	0.0002434482549203454
27229	0.0	0.0	1.0	0.0	0.0
41513	0.0	0.0	1.0	0.0	0.0
n70900	9.960607834215215e-14	1.6621575529774666e-13	0.9999999999803769	5.603584048508044e-13	1.8796775682444716e-11
n70956	1.2799797282706237e-12	2.135941910788709e-12	0.9999999997478368	7.200839654697679e-12	2.415464219736976e-10
n70971	3.116442757491289e-05	5.2005047824415205e-05	2.943362374880857e-05	0.0001753231250002578	0.9997120737758515
n70974	1.0584629216016542e-05	1.766289938294114e-05	9.996780465801227e-06	5.954642570155521e-05	0.9999022092652338
50513	0.0	0.0	0.0	0.0	1.0
54294	0.0	0.0	0.0	0.0	1.0
61883	0.0	0.0	0.0	0.0	1.0
16406	0.0	0.0	0.0	0.0	1.0
49651	0.0	0.0	0.0	0.0	1.0
24186	0.0	0.0	0.0	0.0	1.0
8631	0.0	0.0	0.0	0.0	1.0
40683	0.0	0.0	0.0	0.0	1.0
n70997	5.307943038621495e-09	8.857529338834781e-09	5.013150453461665e-09	2.986113441735776e-08	0.9999999509602429
78509	0.0	0.0	0.0	0.0	1.0
41597	0.0	0.0	0.0	0.0	1.0
n71002	2.2139060250283543e-06	3.694413716844351e-06	2.0909500935742164e-06	1.24548709207586e-05	0.9999795458592439
n71008	5.091461505667162e-09	8.496279883912802e-09	4.808691873707071e-09	2.8643264499125962e-08	0.9999999529603023
30942	0.0	0.0	0.0	0.0	1.0
5613	0.0	0.0	0.0	0.0	1.0
n71013	6.838806918378753e-14	1.1412129422153287e-13	6.458993791942436e-14	3.84733843521237e-13	0.9999999999993682
n71051	2.272077306991055e-07	3.791485941039866e-07	6.544026144561416e-07	1.2782127723870185e-06	0.9999974610282883
n71219	0.0003386492928306259	0.000565114588645234	0.00032000380579433763	0.0019051545918971908	0.9968710777208326
n71227	1.0772279052223164e-05	1.7976036490391965e-05	1.0219470889467406e-05	6.060209584375333e-05	0.9999004301177242
78768	0.0	0.0	0.0	0.0	1.0
12098	0.0	0.0	0.0	0.0	1.0
n71245	1.6745498704695534e-06	2.7943733568923363e-06	1.5841829010443565e-06	9.420590689618005e-06	0.999984526303182
40782	0.0	0.0	0.0	0.0	1.0
45997	0.0	0.0	0.0	0.0	1.0
n71277	6.639407289153559e-13	1.1079385070308544e-12	6.270667979358666e-13	3.735161286969815e-12	0.9999999999938658
35523	0.0	0.0	0.0	0.0	1.0
n71284	0.00011367469016847368	0.00018969248462615408	0.00010736143358373993	0.0006395048285698729	0.9989497665630518
n71289	1.7802279488241612e-08	2.9707216471220514e-08	1.6836449656823732e-08	1.0015108618645096e-07	0.9999998355029681
45896	0.0	0.0	1.0	0.0	0.0
58910	0.0	0.0	0.0	0.0	1.0
69583	0.0	0.0	1.0	0.0	0.0
19365	0.0	0.0	1.0	0.0	0.0
n70885	5.02243977804873e-13	8.381101184188831e-13	0.999999999901055	2.8254965854785665e-12	9.477902900893039e-11
n70890	3.885953564987181e-09	6.484611357126139e-09	0.9999992344453591	2.1861384136825407e-08	7.333226916388584e-07
76429	0.0	0.0	1.0	0.0	0.0
34594	0.0012938319234639523	0.002159057498962775	0.7451078566107227	0.007278768573609155	0.2441604853932414
n70901	3.711337444255644e-11	6.193224015333039e-11	0.9999999926884572	2.0879038355293403e-10	7.00370686032788e-09
n70915	1.3315884000507556e-13	2.2220629036299455e-13	0.999999999973767	7.491176885883952e-13	2.5128555278645545e-11
79599	0.0	0.0	1.0	0.0	0.0
42218	0.0	0.0	1.0	0.0	0.0
6656	0.0	0.0	0.0	0.0	1.0
35445	0.0	0.0	0.0	0.0	1.0
12359	0.0	0.0	0.0	0.0	1.0
n70976	1.057647302096417e-05	1.7649288887040188e-05	9.989077248958656e-06	5.9500541027394065e-05	0.9999022846198156
21182	0.0	0.0	0.0	0.0	1.0
80838	0.0	0.0	0.0	0.0	1.0
15211	0.0	0.0	0.0	0.0	1.0
n71004	1.3472369369734045e-06	2.2481761030169154e-06	1.2724140806270686e-06	7.579211565435366e-06	0.999987552961314
35911	0.0	0.0	0.0	0.0	1.0
67785	0.0	0.0	0.0	0.0	1.0
77393	0.0	0.0	0.0	0.0	1.0
56861	0.0	0.0	0.0	0.0	1.0
n71015	1.0440713684309529e-08	1.7422743067183097e-08	9.860857239828891e-09	5.8736793607582194e-08	0.9999999035388925
5272	0.0	0.0	0.0	0.0	1.0
n71021	7.665219432683794e-09	1.2791189641559514e-08	7.239508411313344e-09	4.3122570485865315e-08	0.9999999291815121
n71035	6.755250259021141e-08	1.1272695830584963e-07	6.380077113272017e-08	3.800331588711036e-07	0.9999993758866091
n71052	2.3759387556273867e-07	3.964802764859645e-07	6.639075880192092e-07	1.3366425757203346e-06	0.9999973653756843
5844	0.0	0.0	0.0	0.0	1.0
705	0.0	0.0	0.0	0.0	1.0
n71221	0.00012200306872990177	0.00020359030849427341	0.00011523490422136108	0.0006863581632593935	0.9988728135552951
n71228	0.00022282902991155437	0.0003718417201587513	0.0002104665349876926	0.0012535793179887672	0.9979412833969532
38317	0.0	0.0	0.0	0.0	1.0
n71234	1.0809922691921597e-05	1.8038853600640386e-05	1.0255015441574652e-05	6.0813869364458917e-05	0.9999000823389014
n71246	6.433898787893656e-08	1.0736446654043568e-07	6.076791767855524e-08	3.619547443049865e-07	0.9999994055738836
n71251	2.3678667250213902e-05	3.9513327167833596e-05	2.236372469899394e-05	0.00013321014570762149	0.9997812341351754
n71258	7.499085816222972e-06	1.2513957317990605e-05	7.084428563943307e-06	4.218794511097306e-05	0.9999307145831909
56977	0.0	0.0	0.0	0.0	1.0
26356	0.0	0.0	0.0	0.0	1.0
82651	0.0	0.0	0.0	0.0	1.0
58896	0.0	0.0	0.0	0.0	1.0
59831	0.0	0.0	0.0	0.0	1.0
62538	0.0	0.0	0.0	0.0	1.0
n71286	0.0001728341056791114	0.0002884136379507155	0.00016323524574555928	0.0009723206191240724	0.9984031963915007
86726	0.0	0.0	0.0	0.0	1.0
n71291	4.4910077974094905e-06	7.494284139270124e-06	4.241592679653992e-06	2.5265265006060593e-05	0.9999585078503777
73738	0.0	0.0	1.0	0.0	0.0
n70887	1.8697371695165268e-09	3.1200884625927702e-09	0.999999631651294	1.0518664676281657e-08	3.528402156322737e-07
70947	0.0	0.0	1.0	0.0	0.0
n70892	2.452310858492171e-13	4.0922472639568305e-13	0.9999999999516881	1.3796075738898413e-12	4.627783552762578e-11
27813	0.0	0.0	1.0	0.0	0.0
n70903	6.650016784441609e-10	1.1097089464477878e-09	0.9999998689909407	3.741129918558203e-09	1.254932187494215e-07
4384	0.0	0.0	1.0	0.0	0.0
n70917	5.880566037684728e-16	9.813083115013093e-16	0.9999999999998843	3.3082565435189062e-15	1.1097282669483588e-13
57175	0.0	0.0	0.0	0.0	1.0
10593	0.0	0.0	0.0	0.0	1.0
24641	0.0	0.0	0.0	0.0	1.0
48390	0.0	0.0	0.0	0.0	1.0
58577	0.0	0.0	0.0	0.0	1.0
n71017	4.834104179823336e-08	8.066819724367125e-08	4.5656276611926125e-08	2.7195437790286586e-07	0.9999995533801065
30192	0.0	0.0	0.0	0.0	1.0
n71023	4.163801787213328e-05	6.94826531162493e-05	3.932552528505222e-05	0.00023424487405106448	0.9996153089296755
n71036	7.283635072978956e-11	1.2154427973860107e-10	6.879116486984013e-11	4.0975874152879274e-10	0.9999999993270695
35340	0.0	0.0	0.0	0.0	1.0
n71042	8.512559849426412e-08	1.4205172901490543e-07	8.039789228852741e-08	4.788949166371249e-07	0.9999992135298635
n71053	2.4946044130352585e-05	4.162823831467678e-05	2.3572660292588446e-05	0.00014034008495148747	0.9997695129723109
n71167	2.2386010802836458e-05	3.7356231222310185e-05	2.1223714892545227e-05	0.00012593799006281885	0.9997930960530195
n71222	1.526242103022066e-08	2.5468875809929087e-08	1.4415275247970098e-08	8.586248997051953e-08	0.999999858990938
5117	0.0	0.0	0.0	0.0	1.0
71625	0.0	0.0	0.0	0.0	1.0
n71230	0.00019162107834632506	0.00031976404250045026	0.00018097943075611863	0.0010780113381142651	0.9982296241102829
81349	0.0	0.0	0.0	0.0	1.0
n71236	0.0001216128728546674	0.00020293917652325694	0.0001148827620178262	0.0006841630207353135	0.998876402167869
30093	0.0	0.0	0.0	0.0	1.0
n71248	2.9057818638277206e-10	4.848968409011483e-10	2.7444924205625995e-10	1.6347188014627715e-09	0.9999999973153568
n71252	1.9558467365603116e-05	3.2637821704745275e-05	1.8472323133596085e-05	0.00011003095149141955	0.9998193004363046
19754	0.0	0.0	0.0	0.0	1.0
n71259	4.1894335791034066e-05	6.99103787851597e-05	3.956774912360798e-05	0.0002356868533214113	0.9996129406829789
n71264	2.3947315659215583e-05	3.9961629108387515e-05	2.2617549397802704e-05	0.00013472149317194764	0.9997787520126626
13095	0.0	0.0	0.0	0.0	1.0
69304	0.0	0.0	0.0	0.0	1.0
n71292	2.8870442562652967e-06	4.8177003815447e-06	2.7267039814587065e-06	1.6241775011132763e-05	0.9999733267763695
n71298	8.605440765635056e-30	1.4360166169946865e-29	8.127511899501949e-30	4.8412016020800036e-29	1.0
62696	0.0	0.0	1.0	0.0	0.0
45017	0.0	0.0	1.0	0.0	0.0
57262	0.0	0.0	1.0	0.0	0.0
8348	0.0	0.0	1.0	0.0	0.0
79291	0.0	0.0	1.0	0.0	0.0
n70905	8.131207148178299e-16	1.3568797809449935e-15	0.99999999999984	4.574409858214867e-15	1.534449296023666e-13
n70918	1.8141353163847481e-09	3.0273039240578174e-09	0.9999996426051708	1.0205862824765665e-08	3.4234752705099913e-07
n70923	1.5414491040200378e-10	2.572263975674455e-10	0.9999999696325884	8.671799708048893e-10	2.9088860355129067e-08
n70926	1.9392005899778024e-10	3.2360042288763805e-10	0.9999999617966611	1.0909448171958033e-09	3.659487362595068e-08
63220	0.0	0.0	0.0	0.0	1.0
60204	0.0	0.0	0.0	0.0	1.0
n71024	3.5508540541386734e-06	5.925420399880922e-06	3.353646691789709e-06	1.9976199713437767e-05	0.9999671938791408
n71030	5.174530977199836e-05	8.634900490032427e-05	4.8871478322301906e-05	0.0002911059216963168	0.9995219282853091
34885	0.0	0.0	0.0	0.0	1.0
1413	0.0	0.0	0.0	0.0	1.0
19227	0.0	0.0	0.0	0.0	1.0
86541	0.0	0.0	0.0	0.0	1.0
3267	0.0	0.0	0.0	0.0	1.0
1099	0.0	0.0	0.0	0.0	1.0
n71054	1.2372988798883106e-05	2.0647190540244282e-05	1.1688100374916936e-05	6.960728082038053e-05	0.9998856844394655
n71063	8.232067048885349e-07	1.373710585705413e-06	7.77546737451032e-07	4.6311510671996155e-06	0.9999923943849048
n71168	2.0778501379352942e-05	3.467373034063974e-05	1.965912590140931e-05	0.00011689455183777774	0.9998079940905408
n71201	9.539615982205584e-08	1.5919053356222083e-07	9.01048417351054e-08	5.366744764627244e-07	0.9999991186339884
49358	0.0	0.0	0.0	0.0	1.0
23211	0.0	0.0	0.0	0.0	1.0
11248	0.0	0.0	0.0	0.0	1.0
51201	0.0	0.0	0.0	0.0	1.0
n71237	0.0004722281596481582	0.0007880217907903186	0.0004460062209465402	0.0026566352442578805	0.9956371085843571
56457	0.0	0.0	0.0	0.0	1.0
68228	0.0	0.0	0.0	0.0	1.0
71636	0.0	0.0	0.0	0.0	1.0
67893	0.0	0.0	0.0	0.0	1.0
n71254	4.4034694503582586e-05	7.348206181832064e-05	4.158911847315589e-05	0.00024772796581107597	0.9995931661593938
38672	0.0	0.0	0.0	0.0	1.0
n71261	2.55443150820107e-09	4.262659162561597e-09	2.4125660894337827e-09	1.4370580481235908e-08	0.9999999763997628
20390	0.0	0.0	0.0	0.0	1.0
84567	0.0	0.0	0.0	0.0	1.0
n71267	3.2878476436348196e-09	5.486533437381693e-09	3.105248163183977e-09	1.849659269438392e-08	0.999999969623778
35871	0.0	0.0	0.0	0.0	1.0
n71294	2.9207137089839376e-06	4.873885642597411e-06	2.758503499740302e-06	1.6431190769002557e-05	0.9999730157063796
63375	0.0	0.0	0.0	0.0	1.0
80120	0.0	0.0	0.0	0.0	1.0
38124	0.0	0.0	0.0	0.0	1.0
61100	0.0	0.0	0.0	0.0	1.0
n71302	3.3287848308455427e-09	5.554846592615274e-09	3.1439107508891563e-09	1.87268948737919e-08	0.999999969245563
n71310	4.062331455204828e-38	6.778938618356567e-38	4.033596331212751e-38	2.285364118437027e-37	1.0
5391	0.0	0.0	0.0	0.0	1.0
6385	0.0	0.0	0.0	0.0	1.0
n71531	7.42679058055505e-09	1.2393316013755192e-08	7.014321422775298e-09	4.1781230544839546e-08	0.9999999313843414
n71540	5.8811143801864755e-06	9.813998151169588e-06	5.554489000233914e-06	3.308565027031879e-05	0.9999456647481981
77093	0.0	0.0	0.0	0.0	1.0
10799	0.0	0.0	0.0	0.0	1.0
n71545	7.305700382650647e-07	1.2191249041148393e-06	6.899956333301417e-07	4.110000796013244e-06	0.9999932503086284
n71604	2.449300680473639e-06	4.087224086443383e-06	2.3132713986638872e-06	1.3779141244730424e-05	0.9999773710625897
n71617	0.00014578477241795177	0.0002432755757647912	0.00013768817650022344	0.0008201479656999007	0.9986531035096171
65897	0.0	0.0	0.0	0.0	1.0
n71621	3.952924808132562e-08	6.59636834975063e-08	3.733387236863753e-08	2.2238147278236423e-07	0.9999996347917233
n71631	2.032801688393588e-06	3.3921992877405198e-06	1.9199039311119634e-06	1.1436024090551912e-05	0.9999812190710022
33225	0.0	0.0	0.0	0.0	1.0
60991	0.0	0.0	0.0	0.0	1.0
71945	0.0	0.0	0.0	0.0	1.0
n71643	8.016086611871277e-07	1.337669259648468e-06	7.570889126143737e-07	4.5096459791783276e-06	0.9999925939871874
n71647	1.5794883069081e-14	2.635741174498051e-14	1.4917666720232965e-14	8.885798566421076e-14	0.999999999999854
5952	0.0	0.0	0.0	0.0	1.0
64915	0.0	0.0	0.0	0.0	1.0
n71769	1.399837425883246e-06	2.335952171894432e-06	1.3220932431410572e-06	7.87512850695617e-06	0.9999870669886521
38650	0.0	0.0	0.0	0.0	1.0
n71783	4.98683861387071e-09	8.321692416251981e-09	4.709879528955585e-09	2.80546827806835e-08	0.9999999539269067
70184	0.0	0.0	1.0	0.0	0.0
n70907	1.3088622797359904e-13	2.184139121106047e-13	0.9999999999742146	7.363325526408834e-13	2.4699688092225957e-11
40526	0.0	0.0	1.0	0.0	0.0
68015	0.0	0.0	1.0	0.0	0.0
n70920	3.8492344693929175e-09	6.423337062327726e-09	0.9999992416792272	2.1654811865562134e-08	7.26393389585858e-07
77929	0.0	0.0	1.0	0.0	0.0
56495	0.0	0.0	1.0	0.0	0.0
n70927	3.4260691027608254e-09	5.7171878774457505e-09	0.999999325045177	1.9274191387567504e-08	6.465373747165671e-07
n70930	8.732898175143436e-18	1.4572858306233532e-17	0.9999999999999983	4.912905891484096e-17	1.6479950901382832e-15
63991	0.0	0.0	0.0	0.0	1.0
n71026	2.1723922266290778e-10	3.6251383526189737e-10	2.0517418888598921e-10	1.2221324873795401e-09	0.9999999979929403
38224	0.0	0.0	0.0	0.0	1.0
35421	0.0	0.0	0.0	0.0	1.0
n71032	7.825578999766765e-06	1.3058786629670592e-05	7.39096192740393e-06	4.402471253089704e-05	0.9999276999599123
n71055	1.2367478361063709e-05	2.0637995101578123e-05	1.1682893640888276e-05	6.957628050194716e-05	0.9998857353523944
75826	0.0	0.0	0.0	0.0	1.0
n71064	2.882323755031688e-05	4.8098231345835954e-05	2.7222469984914967e-05	0.0001621521867455785	0.9997337038743732
n71067	3.2238345913947725e-09	5.379712869760862e-09	3.04479081459385e-09	1.8136471580894757e-08	0.9999999702151902
11700	0.0	0.0	0.0	0.0	1.0
n71169	3.136193880049515e-05	5.233464093847365e-05	2.9643435768521396e-05	0.00017643427280518613	0.9997102257116873
n71193	0.00018061746895299273	0.0003014019778879725	0.00017059755519736178	0.0010161078367429066	0.9983312751612188
13577	0.0	0.0	0.0	0.0	1.0
n71203	7.217106522898735e-08	1.204340971689729e-07	6.816796680294708e-08	4.060160148980011e-07	0.999999333210856
59894	0.0	0.0	0.0	0.0	1.0
13871	0.0	0.0	0.0	0.0	1.0
20796	0.0	0.0	0.0	0.0	1.0
5650	0.0	0.0	0.0	0.0	1.0
87269	0.0	0.0	0.0	0.0	1.0
62381	0.0	0.0	0.0	0.0	1.0
77832	0.0	0.0	0.0	0.0	1.0
n71269	1.8142375417564706e-09	3.027474510709297e-09	1.7134784018949143e-09	1.0206437918647354e-08	0.9999999832383716
67135	0.0	0.0	0.0	0.0	1.0
81003	0.0	0.0	0.0	0.0	1.0
75085	0.0	0.0	0.0	0.0	1.0
n71303	9.072926767267168e-05	0.00015140274574430872	8.569034484093032e-05	0.0005104197309294594	0.9991617579108125
n71306	2.4612558507998644e-10	4.1071740503267195e-10	2.3245626026398986e-10	1.3846397985335258e-09	0.999999997726061
84797	0.0	0.0	0.0	0.0	1.0
n71311	4.01838278903283e-08	6.705600114685995e-08	3.795209811869773e-08	2.2606397192022118e-07	0.9999996287441009
n71326	2.7526944087620603e-12	4.593506619993531e-12	2.5998152435167326e-12	1.548595701797518e-11	0.9999999999745681
57710	0.0	0.0	0.0	0.0	1.0
15654	0.0	0.0	0.0	0.0	1.0
12938	0.0	0.0	0.0	0.0	1.0
n71364	2.405978999440407e-13	4.0149318523392373e-13	2.2723557175165501e-13	1.353542451093985e-12	0.9999999999977772
36682	0.0	0.0	0.0	0.0	1.0
n71447	1.1254808096054882e-09	1.8781247686420425e-09	1.0629738469275998e-09	6.331668123649338e-09	0.9999999896017524
40140	0.0	0.0	0.0	0.0	1.0
21620	0.0	0.0	0.0	0.0	1.0
21911	0.0	0.0	0.0	0.0	1.0
87908	0.0	0.0	0.0	0.0	1.0
1814	0.0	0.0	0.0	0.0	1.0
n71455	2.4462599662878114e-09	4.082149952279544e-09	2.3103995596881077e-09	1.3762034961869605e-08	0.9999999773991555
31678	0.0	0.0	0.0	0.0	1.0
n71459	3.9306769250268505e-06	6.5592426165048226e-06	3.7123749568772437e-06	2.2112986359385673e-05	0.9999636847191421
n71464	2.706066065017344e-07	4.515696455164151e-07	2.5557765451194166e-07	1.5223637842714899e-06	0.9999974998823091
n71477	3.5233430754011238e-06	5.8795119755563085e-06	3.3276636180208665e-06	1.9821429960247573e-05	0.9999674480513708
n71483	3.3642798570828095e-09	5.614078244875232e-09	1.4301832203959832e-06	1.8926580842896402e-08	0.9999985419118407
59017	0.0	0.0	0.0	0.0	1.0
n71488	3.6101060742907637e-06	6.024296085445676e-06	3.409607972747824e-06	2.0309536474097704e-05	0.9999666464533935
n71503	2.3135475927075904e-09	3.8606886943006915e-09	2.185057767028925e-09	1.3015428979572782e-08	0.9999999786252769
n71517	1.0086109677538931e-13	1.683100435205652e-13	9.525947233365398e-14	5.674188186228576e-13	0.9999999999990681
37235	0.0	0.0	0.0	0.0	1.0
48872	0.0	0.0	0.0	0.0	1.0
6851	0.0	0.0	0.0	0.0	1.0
71648	0.0	0.0	0.0	0.0	1.0
n71532	2.1168452432497814e-11	3.5324453769434726e-11	1.9992798743110957e-11	1.19088317055193e-10	0.999999999804426
n71537	1.3723286195400353e-08	2.2900473727116976e-08	1.2961122211160981e-08	7.720370975102736e-08	0.9999998732114082
16625	0.0	0.0	0.0	0.0	1.0
86284	0.0	0.0	0.0	0.0	1.0
n71546	7.308829274091937e-07	1.2196470319435974e-06	6.902911452343503e-07	4.111761030575406e-06	0.9999932474178648
n71588	8.122057553396285e-06	1.3553529596579063e-05	7.670974652626291e-06	4.569262529434941e-05	0.9999249608129029
n71605	9.82456957973385e-09	1.639456427108085e-08	9.278932551713797e-09	5.527052394467806e-08	0.9999999092314096
114	0.0	0.0	0.0	0.0	1.0
55463	0.0	0.0	0.0	0.0	1.0
76140	0.0	0.0	0.0	0.0	1.0
78420	0.0	0.0	0.0	0.0	1.0
n71623	3.599534352501849e-10	6.006654725087064e-10	3.3996233833326117e-10	2.0250062662290618e-09	0.9999999966744125
73362	0.0	0.0	0.0	0.0	1.0
32213	0.0	0.0	0.0	0.0	1.0
n71633	7.177880780784968e-06	1.1977952503230485e-05	6.779235577560109e-06	4.038092746422051e-05	0.9999336840036742
47772	0.0	0.0	0.0	0.0	1.0
77422	0.0	0.0	0.0	0.0	1.0
61544	0.0	0.0	0.0	0.0	1.0
n71648	4.243536058568803e-23	7.081320365664309e-23	4.0078585172269724e-23	2.3873052089635115e-22	1.0
n71674	6.190743565357265e-05	0.00010330685985205207	5.846921997112306e-05	0.0003482754513442101	0.9994280410331791
37087	0.0	0.0	0.0	0.0	1.0
n71685	1.255803292961781e-06	2.0955979426077443e-06	1.186058479106228e-06	7.064829192784846e-06	0.9999883977110925
n71770	1.9994368180015277e-09	3.33652229267223e-09	1.888392079172595e-09	1.1248321835206351e-08	0.9999999815273269
n71778	3.087576734942543e-05	5.152335154440503e-05	2.9160988722468466e-05	0.00017369919615785928	0.9997147406962259
33300	0.0	0.0	0.0	0.0	1.0
65780	0.0	0.0	0.0	0.0	1.0
45836	0.0	0.0	0.0	0.0	1.0
n71786	2.8829204017556223e-13	4.810818777495306e-13	2.722808744215208e-13	1.62185752569276e-12	0.9999999999973366
17550	0.0	0.0	1.0	0.0	0.0
n70909	3.1795098199858866e-10	5.305746747604942e-10	0.9999999373618739	1.788711171636179e-09	6.000088936451108e-08
79446	0.0	0.0	1.0	0.0	0.0
30137	0.0	0.0	1.0	0.0	0.0
21544	0.0	0.0	1.0	0.0	0.0
647	0.0	0.0	1.0	0.0	0.0
50986	0.0	0.0	1.0	0.0	0.0
64443	0.0	0.0	1.0	0.0	0.0
n70933	3.26236238906025e-10	5.444005401858434e-10	0.9999999357296316	1.8353219148930528e-09	6.156440956480988e-08
n70936	1.2807593098148323e-16	2.1372428227144014e-16	0.9999999999999747	7.2052253817319295e-16	2.416935376884869e-14
22404	0.0	0.0	0.0	0.0	1.0
48226	0.0	0.0	0.0	0.0	1.0
45433	0.0	0.0	0.0	0.0	1.0
47251	0.0	0.0	0.0	0.0	1.0
n71056	8.579220616398087e-06	1.4316411792884937e-05	8.103071726354457e-06	4.826450814531782e-05	0.999920736787719
n71059	0.00011066544666323846	0.00018467086656405796	0.00010451957231392296	0.0006225755917354613	0.9989775685227233
36214	0.0	0.0	0.0	0.0	1.0
12004	0.0	0.0	0.0	0.0	1.0
n71068	1.2229491323957316e-09	2.0407731848816054e-09	1.155028975195543e-09	6.8800000607286296e-09	0.9999999887012486
n71110	2.9109188926048707e-09	4.857540728416e-09	2.7492536500362182e-09	1.637608762898005e-08	0.999999973106199
n71170	0.00012013471691927628	0.00020047253182307192	0.00011346493103834978	0.0006758472922590728	0.9988900805279602
n71173	4.446900484293652e-05	7.420680896519015e-05	4.200321454828903e-05	0.00025017128506449137	0.9995891496865791
9695	0.0	0.0	0.0	0.0	1.0
n71195	0.00020496584837645447	0.0003420328745511747	0.0001935852661108661	0.0011530856124120374	0.9981063303985495
63081	0.0	0.0	0.0	0.0	1.0
39828	0.0	0.0	0.0	0.0	1.0
n71206	8.226044262104266e-08	1.3727055445769228e-07	7.769699657208874e-08	4.627762800891397e-07	0.9999992399957263
1964	0.0	0.0	0.0	0.0	1.0
9667	0.0	0.0	0.0	0.0	1.0
31921	0.0	0.0	0.0	0.0	1.0
69799	0.0	0.0	0.0	0.0	1.0
6800	0.0	0.0	0.0	0.0	1.0
28	0.0	0.0	0.0	0.0	1.0
72627	0.0	0.0	0.0	0.0	1.0
21582	0.0	0.0	0.0	0.0	1.0
n71312	1.9349546928829226e-05	3.2289189685761234e-05	1.8274911628616212e-05	0.00010885561837279993	0.999821230733384
n71320	6.01359444497733e-08	1.0035071748259372e-07	5.679611386071229e-08	3.3830949342587544e-07	0.9999994444077307
68442	0.0	0.0	0.0	0.0	1.0
13033	0.0	0.0	0.0	0.0	1.0
n71327	1.6566434361610413e-09	2.764492334038942e-09	1.564636759058315e-09	9.319853654964194e-09	0.9999999846943738
n71338	4.2442937095055055e-05	7.082584681304399e-05	4.0085740897395755e-05	0.00023877314440662288	0.999607872330788
55267	0.0	0.0	0.0	0.0	1.0
n71348	4.4810191567670344e-08	7.477615784522932e-08	4.232152277118397e-08	2.5209071460142566e-07	0.9999995860014133
n71358	3.4916461790478715e-10	5.826618380550465e-10	3.297727104164097e-10	1.964311130163903e-09	0.9999999967740897
n71365	1.6939009768104718e-06	2.8266651488174636e-06	1.5998250901015324e-06	9.529455080845688e-06	0.9999843501537033
n71381	1.7367938690231072e-10	2.8982418497045106e-10	1.6403357965054008e-10	9.77075955803981e-10	0.999999998395387
n71431	9.831808107227256e-05	0.00016406643426636268	9.285769065806341e-05	0.0005531124605508723	0.9990916453334525
n71434	4.109636135221938e-06	6.857877406521213e-06	3.881395128950082e-06	2.3119765255085266e-05	0.9999620313260743
65178	0.0	0.0	0.0	0.0	1.0
54225	0.0	0.0	0.0	0.0	1.0
26849	0.0	0.0	0.0	0.0	1.0
1373	0.0	0.0	0.0	0.0	1.0
76654	0.0	0.0	0.0	0.0	1.0
n71461	4.866592569371252e-09	8.121034108639585e-09	4.596311710287739e-09	2.7378209187838313e-08	0.9999999550378526
n71465	2.1873633012788926e-06	3.6501210496787855e-06	2.0658814998397822e-06	1.2305548323300711e-05	0.9999797910858259
6702	0.0	0.0	0.0	0.0	1.0
87671	0.0	0.0	0.0	0.0	1.0
33568	0.0	0.0	0.0	0.0	1.0
22907	0.0	0.0	0.0	0.0	1.0
n71480	4.797401391465369e-10	8.005572641960197e-10	4.530963272602828e-10	2.698895725937763e-09	0.9999999955677106
54108	0.0	0.0	1.0	0.0	0.0
70432	0.0	0.0	0.0	0.0	1.0
29587	0.0	0.0	0.0	0.0	1.0
28338	0.0	0.0	0.0	0.0	1.0
n71490	1.0844773357665016e-05	1.8097009988539455e-05	1.0242476243638399e-05	6.1009930325687484e-05	0.9998998058100844
n71504	3.7075538671555707e-10	6.186910242761292e-10	3.5016437092722137e-10	2.0857752915050044e-09	0.9999999965746138
70280	0.0	0.0	0.0	0.0	1.0
n71518	4.036312493382178e-09	6.735519968978975e-09	3.812143736148039e-09	2.2707265137993596e-08	0.9999999627087587
n71521	4.380179499785455e-09	7.309341518251917e-09	4.136913053855104e-09	2.4641773256334186e-08	0.9999999595317927
70325	0.0	0.0	0.0	0.0	1.0
37362	0.0	0.0	0.0	0.0	1.0
38976	0.0	0.0	0.0	0.0	1.0
58645	0.0	0.0	0.0	0.0	1.0
43714	0.0	0.0	0.0	0.0	1.0
75027	0.0	0.0	0.0	0.0	1.0
72914	0.0	0.0	0.0	0.0	1.0
n71547	1.0309775687307782e-06	1.7204242766488002e-06	9.737191278400942e-07	5.800016981558606e-06	0.9999904748620452
n71556	1.5093920279084345e-19	2.5187693375237166e-19	1.4255634007567674e-19	8.491454769938019e-19	1.0
38949	0.0	0.0	0.0	0.0	1.0
n71590	2.111372007623154e-09	3.5233120187313624e-09	1.9941106112907722e-09	1.1878040677138738e-08	0.9999999804931647
72111	0.0	0.0	0.0	0.0	1.0
36232	0.0	0.0	0.0	0.0	1.0
n71608	1.8985048528127203e-08	3.168093988830014e-08	1.793065674316063e-08	1.0680504328955606e-07	0.9999998245983116
14750	0.0	0.0	0.0	0.0	1.0
39808	0.0	0.0	0.0	0.0	1.0
n71625	0.00011463424181815163	0.00019129371825419184	0.00010826768433109244	0.0006449030215389654	0.9989409013340576
n71634	5.136713650674241e-06	8.57179354318325e-06	4.851430804703511e-06	2.8897841531113312e-05	0.9999525422204704
n71637	2.1963592066123297e-06	3.6651327961953794e-06	2.074377790507086e-06	1.2356156993441484e-05	0.9999797079732132
8717	0.0	0.0	0.0	0.0	1.0
3197	0.0	0.0	0.0	0.0	1.0
n71651	1.113193494373137e-05	1.8576205442420894e-05	1.0513689447120541e-05	6.262542820474082e-05	0.9998971527419619
n71657	4.479146617003365e-05	7.474491019284467e-05	4.230383734483885e-05	0.00025198537028786025	0.9995861744160045
n71661	4.7948326914155566e-05	8.001286172439268e-05	4.5285372330380046e-05	0.0002697450640771867	0.9995570083749539
n71664	5.2761004922578666e-11	8.804392693134777e-11	4.983076378705941e-11	2.9681996368920417e-10	0.9999999995125444
4191	0.0	0.0	0.0	0.0	1.0
36972	0.0	0.0	0.0	0.0	1.0
55089	0.0	0.0	0.0	0.0	1.0
31828	0.0	0.0	0.0	0.0	1.0
n71671	6.101746227812137e-06	1.0182173365034197e-05	5.762867394448918e-06	3.4326868800879915e-05	0.9999436263442117
n71675	1.6242616819786235e-05	2.710455895511487e-05	1.5340534230122615e-05	9.137682160794932e-05	0.999849935468387
6696	0.0	0.0	0.0	0.0	1.0
n71686	3.281711121396069e-05	5.476293232207551e-05	3.0994514215113424e-05	0.00018462070184610712	0.9996968047404027
n71689	1.0156063185717025e-05	1.694773794292844e-05	9.592015663017447e-06	5.713542246652221e-05	0.9999061687607419
n71771	1.4756970993950418e-09	2.462541564221382e-09	1.393739821466787e-09	8.301895691741353e-09	0.9999999863661259
36076	0.0	0.0	0.0	0.0	1.0
23197	0.0	0.0	0.0	0.0	1.0
3648	0.0	0.0	0.0	0.0	1.0
60166	0.0	0.0	0.0	0.0	1.0
29012	0.0	0.0	0.0	0.0	1.0
21063	0.0	0.0	0.0	0.0	1.0
n71789	2.1914515681710873e-06	3.656943267566038e-06	2.0697427125309044e-06	1.2328547870642043e-05	0.999979753314581
77146	0.0	0.0	0.0	0.0	1.0
n71798	2.8084003945515787e-15	4.686464927927354e-15	2.6524274297985534e-15	1.579934469327778e-14	0.999999999999974
n70910	1.3191727776373673e-12	2.201344569053574e-12	0.9999999997401158	7.421329759216665e-12	2.4894258664074765e-10
24443	0.0	0.0	1.0	0.0	0.0
62079	0.0	0.0	1.0	0.0	0.0
85156	0.0	0.0	1.0	0.0	0.0
26415	0.0	0.0	1.0	0.0	0.0
n70938	4.714135058027624e-13	7.866623526267806e-13	0.999999999907129	2.6520522093978646e-12	8.896097577309384e-11
n70953	3.1354613602024844e-17	5.232241715236829e-17	0.9999999999999939	1.7639306310595464e-16	5.9169645898764034e-15
78024	0.0	0.0	0.0	0.0	1.0
40621	0.0	0.0	0.0	0.0	1.0
11760	0.0	0.0	0.0	0.0	1.0
29706	0.0	0.0	0.0	0.0	1.0
n71069	3.442173395678363e-05	5.7440616110107816e-05	3.2510019406538136e-05	0.00019364790034163376	0.9996819797301848
n71072	3.7312366332215244e-18	6.2264304097502025e-18	3.5240111877711175e-18	2.099098611965005e-17	1.0
40734	0.0	0.0	0.0	0.0	1.0
n71112	3.2989294579459906e-09	5.505026004968515e-09	3.115714858401552e-09	1.8558936156686785e-08	0.9999999695213936
61637	0.0	0.0	0.0	0.0	1.0
33070	0.0	0.0	0.0	0.0	1.0
n71174	1.610523689905985e-05	2.6875308816304647e-05	1.5210873682773499e-05	9.060395719527432e-05	0.9998512046234066
n71183	4.4485252142009656e-05	7.42339213375668e-05	4.2018558471283605e-05	0.00025026268822726306	0.9995889995798218
54602	0.0	0.0	0.0	0.0	1.0
n71197	5.168270096110424e-09	8.624452763383345e-09	4.88125469580392e-09	2.9075370048666618e-08	0.9999999522506523
n71207	1.756522117568538e-05	2.9311629905350578e-05	1.6589684415214786e-05	9.881745655167778e-05	0.9998377160079521
n71212	0.00013707985628098882	0.00022874941195439918	0.00012946671542677043	0.0007711763265985915	0.9987335276897392
n71313	1.6276028601773175e-06	2.7160314233017954e-06	1.5372090388280317e-06	9.156478777596884e-06	0.9999849626779002
35779	0.0	0.0	0.0	0.0	1.0
40488	0.0	0.0	0.0	0.0	1.0
25826	0.0	0.0	0.0	0.0	1.0
45180	0.0	0.0	0.0	0.0	1.0
n71328	1.2241368735269288e-08	2.0427552053818203e-08	1.156150749540509e-08	6.886681989549952e-08	0.9999998869027519
67504	0.0	0.0	0.0	0.0	1.0
17766	0.0	0.0	0.0	0.0	1.0
36349	0.0	0.0	0.0	0.0	1.0
n71340	6.025852915376054e-07	1.0055527838389934e-06	5.69118904543776e-07	3.389991237208203e-06	0.9999944327517828
20965	0.0	0.0	0.0	0.0	1.0
n71350	1.7729199857466178e-10	2.9585266222516876e-10	1.6744555406542206e-10	9.97399588134031e-10	0.9999999983620101
28822	0.0	0.0	0.0	0.0	1.0
41298	0.0	0.0	0.0	0.0	1.0
12672	0.0	0.0	0.0	0.0	1.0
n71367	1.045852601822412e-06	1.7452467061787719e-06	9.877680312186705e-07	5.883700125740819e-06	0.9999903374325351
n71382	3.0712965372646227e-09	5.125167883140686e-09	2.900722844324606e-09	1.727833137385035e-08	0.9999999716244813
n71405	4.672657076192751e-06	7.79740793025541e-06	4.413147008161887e-06	2.6287177541876302e-05	0.9999568296104435
27323	0.0	0.0	0.0	0.0	1.0
76667	0.0	0.0	0.0	0.0	1.0
n71435	2.179705473882558e-06	3.637342195357775e-06	2.058648972925847e-06	1.2262467338526946e-05	0.9999798618360194
n71440	8.716611907466762e-06	1.4545680905738347e-05	8.232508641975591e-06	4.9037436524639974e-05	0.9999194677620202
75944	0.0	0.0	0.0	0.0	1.0
8366	0.0	0.0	0.0	0.0	1.0
8856	0.0	0.0	0.0	0.0	1.0
n71467	2.7747183133105117e-05	4.6302585932672056e-05	2.6206159842689807e-05	0.00015609857890560119	0.9997436454921859
84228	0.0	0.0	0.0	0.0	1.0
14101	0.0	0.0	0.0	0.0	1.0
n71491	1.0865396787883852e-05	1.8131424946820208e-05	1.0261954289616137e-05	6.112595248670743e-05	0.999899615271489
n71496	3.515984449091592e-05	5.867232407377836e-05	3.320713675161256e-05	0.00019780032204514853	0.9996751603726386
n71505	9.385965582113666e-09	1.5662652163361634e-08	8.864687746605501e-09	5.280304966440993e-08	0.9999999132836448
49308	0.0	0.0	0.0	0.0	1.0
57149	0.0	0.0	0.0	0.0	1.0
41522	0.0	0.0	0.0	0.0	1.0
34953	0.0	0.0	0.0	0.0	1.0
25412	0.0	0.0	0.0	0.0	1.0
34839	0.0	0.0	0.0	0.0	1.0
12664	0.0	0.0	0.0	0.0	1.0
n71550	5.964792281722162e-06	9.953634063324546e-06	5.633519597769731e-06	3.355640081291853e-05	0.9999448916532442
27063	0.0	0.0	0.0	0.0	1.0
79844	0.0	0.0	0.0	0.0	1.0
72392	0.0	0.0	0.0	0.0	1.0
n71560	2.209319110711434e-09	3.686759390518462e-09	2.0866179273432407e-09	1.2429066110122571e-08	0.9999999795882374
86510	0.0	0.0	0.0	0.0	1.0
n71568	1.0153880402127388e-06	1.6944095464185763e-06	9.589954106881187e-07	5.712314268248914e-06	0.9999906188927344
30079	0.0	0.0	0.0	0.0	1.0
n71582	3.753164915606951e-05	6.263022815351754e-05	3.544721610930759e-05	0.00021114349046322207	0.9996532474161178
72056	0.0	0.0	0.0	0.0	1.0
48107	0.0	0.0	0.0	0.0	1.0
24738	0.0	0.0	0.0	0.0	1.0
27723	0.0	0.0	0.0	0.0	1.0
n71592	3.863099277005477e-07	6.446473697237327e-07	3.648550436840533e-07	2.1732811738729003e-06	0.999996430906485
n71601	4.2132639691010723e-07	7.030804390142858e-07	3.9792676793189235e-07	2.370274903134826e-06	0.999996107391493
52203	0.0	0.0	0.0	0.0	1.0
n71610	1.2596925124834037e-05	2.1020880039681033e-05	1.1897316991213206e-05	7.086708950361136e-05	0.9998836177883407
n71626	1.2552789554989336e-05	2.0947229644049217e-05	1.1855632623018062e-05	7.061879403884662e-05	0.9998840255541391
344	0.0	0.0	0.0	0.0	1.0
11182	0.0	0.0	0.0	0.0	1.0
48788	0.0	0.0	0.0	0.0	1.0
68917	0.0	0.0	0.0	0.0	1.0
82179	0.0	0.0	0.0	0.0	1.0
56248	0.0	0.0	0.0	0.0	1.0
n71653	6.626594527443722e-05	0.00011058004017058607	6.258566664797518e-05	0.00037279531538589056	0.9993877730325211
70813	0.0	0.0	0.0	0.0	1.0
87830	0.0	0.0	0.0	0.0	1.0
15334	0.0	0.0	0.0	0.0	1.0
28598	0.0	0.0	0.0	0.0	1.0
3514	0.0	0.0	0.0	0.0	1.0
68396	0.0	0.0	0.0	0.0	1.0
58619	0.0	0.0	0.0	0.0	1.0
1744	0.0	0.0	0.0	0.0	1.0
42919	0.0	0.0	0.0	0.0	1.0
68718	0.0	0.0	0.0	0.0	1.0
n71676	4.59430178480202e-10	7.666654022894983e-10	4.3391434136039907e-10	2.584637064709518e-09	0.9999999957553529
87637	0.0	0.0	0.0	0.0	1.0
39409	0.0	0.0	0.0	0.0	1.0
28939	0.0	0.0	0.0	0.0	1.0
17516	0.0	0.0	0.0	0.0	1.0
n71691	8.337054700844487e-09	1.391230201132276e-08	7.874031286689721e-09	4.6902144438128035e-08	0.9999999229744676
80280	0.0	0.0	0.0	0.0	1.0
n71773	1.2288383872027118e-11	2.050600767215693e-11	1.1605911505101902e-11	6.913131506964906e-11	0.9999999998864684
n71790	7.893055329255391e-05	0.00013171386475556955	7.45469075593742e-05	0.00044404317159316923	0.9992707655027993
n71793	5.97312141376239e-06	9.967533144546133e-06	5.6413861464045965e-06	3.36032583864877e-05	0.9999448147009088
n71799	1.5932798433964344e-09	2.658755539607884e-09	1.5047922540420479e-09	8.963386234921565e-09	0.9999999852797861
46249	0.0	0.0	0.0	0.0	1.0
n71813	7.008795862617858e-05	0.00011695795250878243	6.619541299001478e-05	0.0003942969881828401	0.9993524616876922
n71822	5.626638779158502e-12	9.389346815290093e-12	5.314146467277944e-12	3.1654035410674835e-11	0.9999999999480158
51818	0.0	0.0	1.0	0.0	0.0
38045	0.0	0.0	1.0	0.0	0.0
29045	0.0	0.0	1.0	0.0	0.0
n70940	1.1573059564907726e-10	1.931232379292352e-10	0.9999999772004238	6.510708287057051e-10	2.183965157767644e-08
74078	0.0	0.0	1.0	0.0	0.0
60289	0.0	0.0	1.0	0.0	0.0
28342	0.0	0.0	0.0	0.0	1.0
4658	0.0	0.0	0.0	0.0	1.0
73943	0.0	0.0	0.0	0.0	1.0
1260	0.0	0.0	0.0	0.0	1.0
n71075	0.00012751592385976644	0.00021278978100146214	0.00012043394340704524	0.0007173720808652355	0.9988218882708665
n71078	4.91936242950315e-06	8.209092812533643e-06	4.646150837483429e-06	2.767507896867775e-05	0.9999545503149518
n71089	1.8095509121678993e-10	3.019653786413845e-10	1.7090520583755666e-10	1.0180072135312753e-09	0.9999999983281671
9109	0.0	0.0	0.0	0.0	1.0
12250	0.0	0.0	0.0	0.0	1.0
83342	0.0	0.0	0.0	0.0	1.0
n71113	3.90269820942169e-12	6.512553665147879e-12	3.685950123422509e-12	2.195558523781529e-11	0.9999999999639432
n71119	4.712053155051963e-09	7.863149390137605e-09	4.450356472765999e-09	2.6508809838562986e-08	0.9999999564656312
44756	0.0	0.0	0.0	0.0	1.0
38482	0.0	0.0	0.0	0.0	1.0
n71177	1.613467802751334e-05	2.6924438141383636e-05	1.523867968966559e-05	9.076958547872642e-05	0.9998509326186626
n71184	0.0001889817881555036	0.00031535977701967904	0.00017848854466213842	0.001063163364317055	0.9982540065258457
51784	0.0	0.0	0.0	0.0	1.0
2642	0.0	0.0	0.0	0.0	1.0
26904	0.0	0.0	0.0	0.0	1.0
1366	0.0	0.0	0.0	0.0	1.0
33095	0.0	0.0	0.0	0.0	1.0
n71209	2.0095078064643255e-12	3.3533280637837947e-12	1.897903747414535e-12	1.1304978648969251e-11	0.9999999999814343
n71213	9.55732957643318e-09	1.5948612580845543e-08	9.02653454638559e-09	5.3767099811790424e-08	0.9999999117004233
3817	0.0	0.0	0.0	0.0	1.0
n71314	3.69978914597821e-05	6.17395301146926e-05	3.4943102252449625e-05	0.0002081407057311393	0.9996581787704419
57044	0.0	0.0	0.0	0.0	1.0
27439	0.0	0.0	0.0	0.0	1.0
8746	0.0	0.0	0.0	0.0	1.0
n71330	1.0783225505573602e-05	1.79943031769412e-05	1.0184346636674533e-05	6.066367779979777e-05	0.999900374446881
26586	0.0	0.0	0.0	0.0	1.0
80975	0.0	0.0	0.0	0.0	1.0
n71343	1.2939484209544999e-05	2.1592519019420303e-05	1.2220851026593913e-05	7.27942395879306e-05	0.9998804529061566
29253	0.0	0.0	0.0	0.0	1.0
n71351	1.1093437386183183e-11	1.851196337294588e-11	1.047732996724753e-11	6.240885075989603e-11	0.9999999998975083
2768	0.0	0.0	0.0	0.0	1.0
n71368	2.5309425894352915e-06	4.223462474580668e-06	2.390379078598386e-06	1.4238437812130425e-05	0.9999766167780452
62067	0.0	0.0	0.0	0.0	1.0
n71383	3.199040504322007e-06	5.3383382069058375e-06	3.0213721658642397e-06	1.7996986367611875e-05	0.9999704442627552
n71389	7.116351478962419e-06	1.1875276647041796e-05	6.721123490620118e-06	4.0034779297414546e-05	0.9999342524690858
3060	0.0	0.0	0.0	0.0	1.0
n71407	8.42515503213967e-06	1.4059317769316052e-05	7.957238701043827e-06	4.7397774443174676e-05	0.9999221605140544
n71436	3.8075227477384107e-10	6.353731417421624e-10	3.5960605173237304e-10	2.1420152352820243e-09	0.9999999964822532
52450	0.0	0.0	0.0	0.0	1.0
4233	0.0	0.0	0.0	0.0	1.0
n71442	2.063854416828061e-07	3.444017939741474e-07	1.9492320528532486e-07	1.161071882466276e-06	0.9999980932176766
n71468	5.865141017713472e-06	9.787342905302214e-06	5.539402766500395e-06	3.2995788205026657e-05	0.9999458123251055
n71471	1.832596047119555e-05	3.058109918566444e-05	1.730817312428289e-05	0.00010309718189810779	0.9998306875853207
n71492	8.746136925524497e-05	0.00014594950220004374	8.260393899331901e-05	0.0004920353674962014	0.9991919498220553
25563	0.0	0.0	0.0	0.0	1.0
